412008 0697004018290640
412008 0295744018102925
412008 0070234016340137
412008 0178404018102925
412008 0774754016340137
412008 0378494018513199
412008 0562944018290640
412008 0765694018102925
412008 0039824018513199
412008 0152254018290640
412008 0828564018290640
412008 0036334020537329
412008 0934544018290640
412008 0740884020395771
412008 0886184018321570
412008 0217154016105481
412008 0957114020453751
412008 0942374012578858
412008 0420894020115605
412008 0204804017701958
412008 0281634017701958
412008 0451624018102925
412008 0168274018091859
412008 0180964018290640
412008 0145314020453751
412008 0101444018290640
412008 0540104018290640
412008 0330484018290640
412008 0275784018290640
412008 0454744018339507
412008 0979494018053763
412008 0079434018290640
412008 0013634016565595
412008 0861594018290640
412008 0523304015914247
412008 0264004018290640
412008 0456054018290640
412008 0329334018290640
412008 0537734018290640
412008 0109684016105481
412008 0068324016690424
412008 0047644019745209
412008 0600174014671750
412008 0648584017670678
412008 0815104022083162
412008 0984164018290640
412008 0655954018290640
412008 0320204022099414
412008 0505944022099414
412008 0750854018290640
412008 0673304018290640
412008 0593664016441144
412008 0206714016441144
412008 0459984020443966
412008 0103454018290640
412008 0926714018290640
412008 0927414015977539
412008 0211824020537329
412008 0997554020537329
412008 0332234016105481
412008 0357364017102140
412008 0305534019438846
412008 0250364015728769
412008 0870214019438846
412008 0340114018290640
412008 0384744020738998
412008 0238724019438846
412008 0345704017133775
412008 0417624019968804
412008 0778044016105481
412008 0760934015738394
412008 0387984017795371
412008 0858364017795371
412008 0736384018496356
412008 0248814015738394
412008 0068134015738394
412008 0758134024218880
412008 0652444018496356
412008 0699204018496356
412008 0324124018290640
412008 0631204018496356
412008 0658004015698855
412008 0327624017253915
412008 0776044018648199
412008 0501774018290640
412008 0168504014232740
412008 0346834018290640
412008 0850344016497090
412008 0907824018496356
412008 0214494018648199
412008 0993924015977539
412008 0735834024218880
412008 0483974015977751
412008 0538734018648199
412008 0843924018290640
412008 0217784019968804
412008 0756744018648199
412008 0136044018290640
412008 0447704020537329
412008 0983874024540999
412008 0856834015728769
412008 0100684018290640
412008 0940194022083162
412008 0341804016105481
412008 0908324016279421
412008 0951014024540999
412008 0511354016497090
412008 0923864016497090
412008 0522764024218880
412008 0689684024218880
412008 0872924020537329
412008 0424984002066580
412008 0226844000954452
412008 0178514000954452
412008 0564044000954452
412008 0959534000954452
412008 0348104000954452
412008 0502644000954452
412008 0522644000777533
412008 0240604000777533
412008 0562264000777533
412008 0997064000777533
412008 0887054000777533
422008 0266304018290640
422008 0812484018290640
422008 0021594020418926
422008 0537044020418926
422008 0577864018290640
422008 0233674018290640
422008 0482554016217979
422008 0918524018129014
422008 0469974019307886
422008 0801764018290640
422008 0506714018290640
422008 0322394018290640
422008 0986014026941094
422008 0276804018290640
422008 0017594019307886
422008 0108464019941500
422008 0046054020418926
422008 0305104018290640
422008 0283834019307886
422008 0888364018290640
422008 0865914018290640
422008 0790094017496692
422008 0577014014049889
422008 0167074020418926
422008 0037264020418926
422008 0871524018290640
422008 0325354018290640
422008 0073394018290640
422008 0701614015912062
422008 0027294015912062
422008 0904404022991371
422008 0879784018290640
422008 0208554018290640
422008 0815574018290640
422008 0512344018290640
422008 0870874023863176
422008 0948684014868774
422008 0199244020209481
422008 0620314015912062
422008 0825584014988571
422008 0950684020468037
422008 0238744018290640
422008 0515324014868774
422008 0254704020539671
422008 0979124014988571
422008 0571424018290640
422008 0700034017733149
422008 0616124014988571
422008 0844374013951222
422008 0198044014988571
422008 0330744019749859
422008 0856824018290640
422008 0138574023050677
422008 0952354018290640
422008 0076244020209481
422008 0235024018290640
422008 0778824022287712
422008 0048884020209481
422008 0322604015898500
422008 0880224018290640
422008 0525824020209481
422008 0380734012647468
422008 0099014022287712
422008 0250354015831052
422008 0287084023050677
422008 0891244018290640
422008 0457884020411165
422008 0495394018290640
422008 0395154018290640
422008 0409274019749859
422008 0360844019161308
422008 0815134014590412
422008 0595724014590412
422008 0273484014596649
422008 0462774012647468
422008 0446724016383068
422008 0100614020209481
422008 0719734020209481
422008 0837724014330337
422008 0723534023319299
422008 0777374018290640
422008 0557954016234966
422008 0083914019749859
422008 0302204019606412
422008 0377144018290640
422008 0474534015315527
422008 0483654018290640
422008 0202364014596649
422008 0903884019961561
422008 0167054015479766
422008 0950364018290640
422008 0392124017733149
422008 0309874013945415
422008 0102534018290640
422008 0733084015479766
422008 0884954017733149
422008 0540684018290640
422008 0979624014596649
422008 0414454023050677
422008 0425984018290640
422008 0481734018290640
422008 0067374020209481
422008 0339534015479766
422008 0628254019749859
422008 0965174015479766
422008 0883684017112384
422008 0533924018290640
422008 0791074018290640
422008 0617984018290640
422008 0130244025128046
422008 0716604018290640
422008 0236794013951222
422008 0276944013288344
422008 0742174015095139
422008 0147944018426064
422008 0145114022130537
422008 0452684025128046
422008 0704474015529341
422008 0323574018426064
422008 0794174013288344
422008 0537694018426064
422008 0083824018426064
422008 0716424018426064
422008 0061954013951222
422008 0198034018426064
422008 0820064017112384
422008 0050874018290640
422008 0326884018290640
422008 0031504018290640
422008 0090744014868774
422008 0413464018290640
422008 0707874018290640
422008 0562894023099992
422008 0365504023047838
422008 0720544023863176
422008 0616974017491423
422008 0242454017491423
422008 0966034017491423
422008 0294484020209481
422008 0162764020209481
422008 0768834018290640
422008 0060704018290640
422008 0168034018290640
422008 0482354018290640
422008 0676174014185850
422008 0280794020209481
422008 0862824018290640
422008 0582254018290640
422008 0890954018290640
422008 0361144019756643
422008 0017094020390572
422008 0130934016544363
422008 0042194019706186
422008 0819384018290640
422008 0596894018290640
422008 0797074023750294
422008 0141364018290640
422008 0955804020079436
422008 0587394020756530
422008 0342544020642871
422008 0998624020014296
422008 0775514017043900
422008 0185274016238302
422008 0913704019221627
422008 0340424017919743
422008 0918854018290640
422008 0443864022218132
422008 0887284018488711
422008 0676444018290640
422008 0868994018290640
422008 0800264017067662
422008 0811204016641555
422008 0810314018488711
422008 0931404017919743
422008 0251414018290640
422008 0335754018488711
422008 0066864016641555
422008 0820834018290640
422008 0477004017919743
422008 0802924022218132
422008 0904054018488711
422008 0310584018290640
422008 0319884017200943
422008 0205114019510486
422008 0270704018290640
422008 0123124020215658
422008 0886084022365507
422008 0488394019510486
422008 0311354020215658
422008 0233504018290640
422008 0126184018290640
422008 0686574018290640
422008 0445214018290640
422008 0166234020756530
422008 0109574013793560
422008 0714154019510486
422008 0169494018290640
422008 0745464018290640
422008 0848574018690307
422008 0718574018290640
422008 0317974018290640
422008 0493464019306042
422008 0337314018290640
422008 0429214018290640
422008 0931794019306042
422008 0278964012651798
422008 0536394018290640
422008 0420234018290640
422008 0309034018290640
422008 0574824018290640
422008 0726414018290640
422008 0397944012651798
422008 0657644022365507
422008 0343284018290640
422008 0284204016691059
422008 0723794018290640
422008 0856364026941094
422008 0617694018290640
422008 0992144018290640
422008 0246134020209481
422008 0855794018290640
422008 0870704019712371
422008 0917704022827763
422008 0756664018703213
422008 0122094016329123
422008 0864204018290640
422008 0269964016366751
422008 0001374018703213
422008 0655494018290640
422008 0970104020392844
422008 0426744018290640
422008 0281664018290640
422008 0345994018290640
422008 0999514014049889
422008 0859524014229851
422008 0224254020552219
422008 0725504018290640
422008 0726604018290640
422008 0163284020392844
422008 0829744014229851
422008 0445444020392844
422008 0654144022218132
422008 0474194019286572
422008 0728474016238302
422008 0535994017067662
422008 0569144018290640
422008 0982714020209481
422008 0290854018290640
422008 0157644018290640
422008 0818124018290640
422008 0286974018290640
422008 0661024018523767
422008 0068514018290640
422008 0494794018290640
422008 0252844016138536
422008 0003254012651798
422008 0403424016643329
422008 0934324018290640
422008 0254034018290640
422008 0308334018290640
422008 0759484015315527
422008 0898064017286190
422008 0992914017286190
422008 0037884018290640
422008 0488824017286190
422008 0290474017733149
422008 0738394018290640
422008 0704224018290640
422008 0397714018290640
422008 0954314018290640
422008 0420044018290640
422008 0183664018290640
422008 0032304020209481
422008 0421724018290640
422008 0681654014330337
422008 0135404017200943
422008 0899704017200943
422008 0197964017200943
422008 0705684014330337
422008 0628334020756530
422008 0563134017992902
422008 0735974016383068
422008 0586594018690307
422008 0894974019161308
422008 0529684020215658
422008 0942914020392844
422008 0399654018290640
422008 0988594014330337
422008 0044484017992902
422008 0286084017992902
422008 0580694019749859
422008 0894824022130537
422008 0583784018290640
422008 0910124012942707
422008 0863974018802622
422008 0545774018802622
422008 0324464013288344
422008 0579524012942707
422008 0301724020390572
422008 0395414018393327
422008 0377834015831052
422008 0766034025128046
422008 0188784018802622
422008 0302694019749859
422008 0844574018802622
422008 0185614018290640
422008 0201814013288344
422008 0908464018802622
422008 0972254018290640
422008 0933994025128046
422008 0588814020209481
422008 0961784020209481
422008 0625554018802622
422008 0726974018802622
422008 0111824018290640
422008 0186174018290640
422008 0823174017067662
422008 0655684020539671
422008 0270034017750245
422008 0152404020539671
422008 0605404018290640
422008 0542784012903718
422008 0528434019450702
422008 0427704018290640
422008 0848324019450702
422008 0820184012903718
422008 0946114022991371
422008 0335144019450702
422008 0418404017750245
422008 0467444018290640
422008 0033474019450702
422008 0737794018290640
422008 0072804018290640
422008 0332554017067662
422008 0307784018290640
422008 0070714018290640
422008 0361784002829030
422008 0138334000619890
432008 0503234026112905
432008 0963884018290640
432008 0375324018290640
432008 0113924018290640
432008 0907084018290640
432008 0215344015566470
432008 0389514018290640
432008 0293724018290640
432008 0897554018290640
432008 0024234023708858
432008 0705644019342832
432008 0879494018290640
432008 0712744018290640
432008 0995524018290640
432008 0513104024579995
432008 0029274026112905
432008 0984004018290640
432008 0254634023708858
432008 0511324018290640
432008 0631154018290640
432008 0156954015012053
432008 0221614018290640
432008 0423494018290640
432008 0887384018290640
432008 0679944018290640
432008 0507394019026542
432008 0891054018290640
432008 0226214018290640
432008 0447854019492454
432008 0553154018290640
432008 0307404020347179
432008 0267424018290640
432008 0136094018290640
432008 0689764018290640
432008 0856014018290640
432008 0411994018290640
432008 0123424018290640
432008 0775254018290640
432008 0758654020140108
432008 0291674018290640
432008 0534324018290640
432008 0038274018290640
432008 0866764019469355
432008 0222714019342832
432008 0530504018290640
432008 0843254018290640
432008 0970064018052342
432008 0989814018290640
432008 0638544018290640
432008 0534464018290640
432008 0799374016810592
432008 0274324018290640
432008 0218424018290640
432008 0637884019029759
432008 0360214018290640
432008 0421574018290640
432008 0892654018290640
432008 0399204018290640
432008 0000314018290640
432008 0479224018290640
432008 0404184018290640
432008 0625344018290640
432008 0104214018290640
432008 0213604021931374
432008 0404074019029759
432008 0731324019342832
432008 0860794019029759
432008 0621964021931374
432008 0697324021931374
432008 0825704018290640
432008 0773014018290640
432008 0737564018290640
432008 0280114018290640
432008 0727754018290640
432008 0777084018290640
432008 0890304018290640
432008 0375744018290640
432008 0593624018813337
432008 0352554018290640
432008 0748824020685646
432008 0953594018813337
432008 0945224018813337
432008 0940374018813337
432008 0348964019492454
432008 0826254018290640
432008 0368734018290640
432008 0317814018290640
432008 0683844018290640
432008 0399624019342832
432008 0138794019492454
432008 0612054019492454
432008 0251634018026019
432008 0181254018026019
432008 0132244018026019
432008 0251494018290640
432008 0146864018290640
432008 0813014018902058
432008 0753264018290640
432008 0413184018290640
432008 0826394018290640
432008 0818354018290640
432008 0374324018290640
432008 0473114018290640
432008 0937254018290640
432008 0829234018290640
432008 0878284018290640
432008 0198844018290640
432008 0833364018290640
432008 0523154019364644
432008 0911254018290640
432008 0303014018290640
432008 0627014018290640
432008 0970674018290640
432008 0713514018289135
432008 0855974018290640
432008 0048764018290640
432008 0988504019342832
432008 0850044018289135
432008 0377244018290640
432008 0332184018290640
432008 0736444018290640
432008 0998544018290640
432008 0781114018290640
432008 0066314019492454
432008 0161744019469355
432008 0912584018290640
432008 0917734018290640
432008 0478094018290640
432008 0104544018289135
432008 0492154018289135
432008 0672794019000081
432008 0138984018464086
432008 0589334018464086
432008 0639134019000081
432008 0534394018290640
432008 0379124018290640
432008 0307034018290640
432008 0337294018290640
432008 0789824018290640
432008 0591364018290640
432008 0650254018290640
432008 0452114018290640
432008 0275874018290640
432008 0290194019000081
432008 0304554019000081
432008 0534904018464086
432008 0800794019000081
432008 0442574016578764
432008 0894034018290640
432008 0102204018290640
432008 0352204018290640
432008 0035554015539291
432008 0165764018290640
432008 0548454018290640
432008 0677884024579995
432008 0890094024579995
432008 0440294024579995
432008 0050764018233417
432008 0307464018354132
432008 0801264018354132
432008 0575754018354132
432008 0958944018290640
432008 0141554018290640
432008 0406324018290640
432008 0172734018354132
432008 0727614018290640
432008 0926604018354132
432008 0396234018354132
432008 0715274018290640
432008 0107404000781538
432008 0837504000776307
432008 0471064000776307
432008 0083984000710267
432008 0900944019492454
432008 0083404000830009
432008 0776584000696757
432008 0579854018290640
432008 0955514018290640
432008 0456484018290640
432008 0647884018290640
432008 0166964018290640
432008 0404384024579995
432008 0380024021273907
432008 0095044018063460
432008 0973884018290640
432008 0539204018290640
432008 0986264018290640
432008 0193794016578764
432008 0973974016578764
432008 0240074018290640
432008 0552414018290640
432008 0561674018290640
432008 0087214018290640
432008 0812924018290640
432008 0536204018819421
432008 0056184018290640
432008 0332344018290640
432008 0049404018290640
432008 0343664018290640
432008 0608814018290640
432008 0082554020077097
432008 0037644018290640
432008 0814234018290640
432008 0042614018290640
432008 0745804018290640
432008 0994564018290640
432008 0605614018290640
432008 0472884018290640
432008 0483004018290640
432008 0436934005965550
432008 0305834005965550
432008 0079924000778834
432008 0946254000778834
432008 0255244000778834
432008 0806874000778834
432008 0468284000778834
432008 0447534000778834
432008 0873524000778834
432008 0547284000778834
432008 0548604000778834
432008 0618974000778834
432008 0644784000778834
432008 0753144000631910
432008 0268514000631910
432008 0770304000631910
432008 0733674000631910
432008 0094154000631910
432008 0102794000631910
432008 0856934000631910
432008 0149524000631910
432008 0614804000631910
432008 0964004000631910
432008 0574794000631910
432008 0274624000631910
432008 0475084000631910
432008 0224204000631910
432008 0654574000631910
442008 0048834018290640
442008 0231464018290640
442008 0226594019384205
442008 0202254017023986
442008 0289184019268540
442008 0373844018230924
442008 0714264017406343
442008 0310504018230924
442008 0527584018290640
442008 0891904020695084
442008 0597224018230924
442008 0577054018230924
442008 0723184017406343
442008 0005094017406343
442008 0768354018223058
442008 0318994018230924
442008 0890574018230924
442008 0568674022403365
442008 0674784013203384
442008 0470014016356463
442008 0036394018188452
442008 0682144018290640
442008 0456104019760264
442008 0914234016222440
442008 0408674016222440
442008 0316694022961265
442008 0485604018290640
442008 0232744015722314
442008 0619004019924774
442008 0851954021936312
442008 0950974018290640
442008 0370334018290640
442008 0708564014343246
442008 0249014018290640
442008 0834964018927525
442008 0630854019384205
442008 0521564014343246
442008 0468154019287044
442008 0189624018290640
442008 0066444018290640
442008 0487684015271999
442008 0953744018927525
442008 0944514019287044
442008 0057344015622023
442008 0182774018290640
442008 0875754018290640
442008 0600914014343246
442008 0345794019173417
442008 0136444015938901
442008 0228334015938901
442008 0566354019229693
442008 0876054016222440
442008 0121224018290640
442008 0061114021578714
442008 0619424018188452
442008 0731384017119575
442008 0677684019173417
442008 0247084020979787
442008 0326894019924774
442008 0167434020979787
442008 0239264019181675
442008 0631304019181675
442008 0619384018290640
442008 0151594020979787
442008 0855434018994534
442008 0686244018290640
442008 0170104018290640
442008 0070494019887497
442008 0325254018290640
442008 0654014018290640
442008 0652864020979787
442008 0496874018290640
442008 0844214018994534
442008 0990244018290640
442008 0297424018290640
442008 0555474018290640
442008 0019084024737561
442008 0090374018290640
442008 0977934018290640
442008 0465784018290640
442008 0264334018290640
442008 0252694016117949
442008 0008624018290640
442008 0144794018290640
442008 0077514018290640
442008 0956024019181675
442008 0423514018994534
442008 0250474019181675
442008 0104484018290640
442008 0506754018290640
442008 0473844018290640
442008 0077064016402670
442008 0651584015722314
442008 0512314018290640
442008 0296114020581739
442008 0132604018290640
442008 0073404018795723
442008 0708034018290640
442008 0096494016545003
442008 0756604018290640
442008 0434034016612237
442008 0347934018290640
442008 0738904018290640
442008 0719984018368913
442008 0966124018290640
442008 0570944018368913
442008 0779814015314790
442008 0524994018290640
442008 0625874018290640
442008 0749104018120779
442008 0721014019799939
442008 0569594018985077
442008 0565474015314790
442008 0776074018290640
442008 0265134018290640
442008 0288194018368913
442008 0987114018120779
442008 0291964018985077
442008 0697954018290640
442008 0252894015314790
442008 0782604019924774
442008 0639534019910310
442008 0687644019799939
442008 0325864018290640
442008 0619184020346009
442008 0556424023248776
442008 0283504018290640
442008 0054354018290640
442008 0009554018290640
442008 0703004013407101
442008 0567064020346009
442008 0723194013407101
442008 0820254018290640
442008 0830094018290640
442008 0707244016951492
442008 0996994014004987
442008 0876734013741708
442008 0437044023248776
442008 0761614014004987
442008 0154664018290640
442008 0081824018537318
442008 0038134015892575
442008 0417474018290640
442008 0247684014004987
442008 0896424024325657
442008 0444584015142607
442008 0066474017023986
442008 0118954017023986
442008 0440834014597232
442008 0184304014004987
442008 0099214014597232
442008 0543574018290640
442008 0614624014004987
442008 0548594014004987
442008 0697674017023986
442008 0985344014597232
442008 0656854018290640
442008 0537444018290640
442008 0236084018885219
442008 0940084018885219
442008 0500524021936312
442008 0616814018290640
442008 0151334013572850
442008 0340684022403365
442008 0967684017868831
442008 0871514013572850
442008 0440804021936312
442008 0930544018188452
442008 0692514022403365
442008 0187684021578714
442008 0560674021936312
442008 0323694021936312
442008 0235794021936312
442008 0282424021936312
442008 0066954018290640
442008 0576904016655083
442008 0314644018290640
442008 0721124018290640
442008 0499154019910310
442008 0680454018290640
442008 0888874020544394
442008 0156244015597507
442008 0689934018290640
442008 0162254017427076
442008 0403524020544394
442008 0926074016545003
442008 0628084018290640
442008 0927494018290640
442008 0790854019003598
442008 0214924018290640
442008 0993194021936312
442008 0939984019799939
442008 0704544018236245
442008 0622914019670912
442008 0769744019924774
442008 0366664018290640
442008 0913174017292309
442008 0297294021383683
442008 0696534019760264
442008 0029824017292309
442008 0354934018290640
442008 0368034019670912
442008 0007854021383683
442008 0154414017292309
442008 0776424021383683
442008 0343104018236245
442008 0157704019670912
442008 0086494018390244
442008 0195614021383683
442008 0192954014294468
442008 0673934018390244
442008 0115994019924774
442008 0898744018390244
442008 0469914019003598
442008 0478164017515901
442008 0840364020760598
442008 0173454015510483
442008 0586114024737561
442008 0598334019003598
442008 0266184020760598
442008 0425174017515901
442008 0724554017427076
442008 0311754018290640
442008 0092104018290640
442008 0159654019720117
442008 0197714024737561
442008 0660664016222440
442008 0381394015510483
442008 0287524020760598
442008 0725214024737561
442008 0293464024737561
442008 0323794023952857
442008 0109274018290640
442008 0976014017515901
442008 0765164015510483
442008 0876404016222440
442008 0057124018290640
442008 0740184018290640
442008 0351374019910310
442008 0864424018290640
442008 0665344018290640
442008 0602884018290640
442008 0433004018290640
442008 0128484018290640
442008 0617184018290640
442008 0562084019924774
442008 0473684017727328
442008 0015914018290640
442008 0609724018290640
442008 0204504018290640
442008 0311634017298277
442008 0758704018290640
442008 0999074018290640
442008 0319734018290640
442008 0376514018290640
442008 0261494018290640
442008 0329454018290640
442008 0230164018290640
442008 0300894018290640
442008 0912614018290640
442008 0223314003091290
442008 0540474003091290
442008 0310404003091290
442008 0243054003091290
442008 0091214003091290
442008 0093134003091290
442008 0400964003091290
442008 0811624003091290
442008 0197264000616159
452008 0957894014495595
452008 0443234014495595
452008 0254554014495595
452008 0120364014495595
452008 0949704022355083
452008 0465204015727814
452008 0150064018290640
452008 0811534014495595
452008 0014304016423791
452008 0942804019910310
452008 0361704016990104
452008 0600144019799939
452008 0655604016990104
452008 0478584014495595
452008 0934194014495595
452008 0738164018290640
452008 0272904016423791
452008 0934314013731147
452008 0599864013731147
452008 0284324016222440
452008 0974364018290640
452008 0012694015298470
452008 0741204014495595
452008 0059924012595423
452008 0213014016423791
452008 0424224019616993
452008 0739744018290640
452008 0447064018270521
452008 0377754020341191
452008 0947724017263688
452008 0028304018290640
452008 0589854027379214
452008 0501134018270521
452008 0594804016389036
452008 0441514014495595
452008 0933364014495595
452008 0615084018290640
452008 0879594016655083
