4120020001294018290640
4120020014654018290640
4120020025564016071066
4120020030824018290640
4120020068614018290640
4120020070544018290640
4120020071144020350112
4120020073054018290640
4120020080724018290640
4120020103624017848649
4120020104054016518421
4120020107624018290640
4120020121574018290640
4120020133224018290640
4120020137724016043333
4120020139904018290640
4120020142664018290640
4120020149084018290640
4120020150254019002222
4120020162274024023529
4120020175584018480000
4120020211344018290640
4120020213774001380421
4120020220854018290640
4120020229914017822222
4120020250554018290640
4120020257284018709091
4120020266384018290640
4120020267434018290640
4120020269224018290640
4120020272684020668100
4120020288664023571930
4120020290304018290640
4120020290574019245946
4120020299104017983333
4120020303414018290640
4120020313184018290640
4120020318714018290640
4120020330564018290640
4120020331134018290640
4120020339924018290640
4120020341164018709091
4120020357204024767647
4120020359394012211111
4120020364674018290640
4120020373244016795833
4120020375934018290640
4120020411374016071066
4120020415084020228571
4120020420944017958065
4120020427354018290640
4120020431474021217857
4120020434804020228571
4120020435894018290640
4120020441704025172222
4120020452844019002222
4120020459134018290640
4120020464844015580488
4120020472674024265385
4120020515564018290640
4120020522314018290640
4120020545764017583333
4120020587374018290640
4120020592964001586460
4120020602954001586460
4120020609274018290640
4120020629134016071066
4120020653334018290640
4120020660034015650000
4120020673204018709091
4120020675674014012195
4120020681964018290640
4120020705114020668100
4120020705604018290640
4120020707184018290640
4120020717114018290640
4120020721874018290640
4120020723864018290640
4120020724794018706061
4120020737914012211111
4120020746294018290640
4120020751814018290640
4120020762574017822222
4120020764334024142105
4120020777674018290640
4120020780514017822222
4120020784094012211111
4120020786884017914286
4120020789694012211111
4120020816554017983333
4120020829084024767647
4120020832254016071066
4120020843564016688372
4120020843844018290640
4120020849384019387097
4120020859734016730769
4120020872614017596552
4120020882484016717857
4120020883724018290640
4120020892674018709091
4120020900654024767647
4120020906984019245946
4120020910244018290640
4120020913954019646366
4120020915964018426316
4120020916584018290640
4120020918404018480000
4120020920264018170270
4120020922254015007004
4120020923034015580488
4120020924814018596000
4120020932244018290640
4120020937224018290640
4120020940074021486667
4120020940644015007004
4120020951144018290640
4120020957844020228571
4120020962264018290640
4120020969564019002222
4120020987024018290640
4120020990004017958065
4120020994414018290640
4120020999794024142105
4220020003684020809524
4220020005334016070213
4220020011754018290640
4220020015074013916923
4220020019574012274138
4220020022784019302273
4220020027974019850811
4220020030904018837931
4220020031534018347826
4220020042124019850811
4220020044684012948837
4220020046384017682353
4220020048394017349231
4220020050304018290640
4220020050614019850811
4220020059874016631579
4220020061354018290640
4220020063524017955556
4220020073594013520000
4220020075094018290640
4220020075534019850811
4220020076624018290640
4220020079304018888235
4220020081374026233333
4220020081774018290640
4220020093054019735014
4220020097794018290640
4220020099354018290640
4220020100764018290640
4220020104774019850811
4220020104994019850811
4220020105214015720000
4220020111284018290640
4220020112314018290640
4220020118004018290640
4220020124024020562500
4220020126884012916667
4220020129014024321212
4220020129784013520000
4220020130784018290640
4220020132504018290640
4220020139024016428986
4220020139654018290640
4220020142094022037838
4220020143804019850811
4220020148884018290640
4220020153594018290640
4220020157894018290640
4220020160434015540741
4220020162074018290640
4220020168434023544444
4220020171614018290640
4220020171964018290640
4220020176394017227273
4220020176704018837931
4220020178304018751852
4220020178764018807692
4220020178824018283636
4220020180024014685417
4220020182474018290640
4220020188854018290640
4220020202934018290640
4220020203874020019048
4220020206024018290640
4220020206264017736000
4220020206304012948837
4220020212524018290640
4220020212784017754762
4220020218034016682353
4220020218534018290640
4220020226064018290640
4220020234994018290640
4220020249764018290640
4220020251564018290640
4220020254384020600000
4220020259644018290640
4220020260634019537838
4220020262644018290640
4220020263364018290640
4220020266044018290640
4220020269474015807407
4220020271254019850811
4220020276154013916923
4220020278384014130303
4220020278594020319149
4220020278764023544444
4220020279134015720000
4220020283244012948837
4220020288584018290640
4220020289654018290640
4220020292124021888889
4220020293584018290640
4220020296694017721739
4220020297944018290640
4220020303824018290640
4220020309454017386667
4220020310284016352174
4220020315914018290640
4220020323084018290640
4220020324194012877778
4220020329934014782353
4220020339424018290640
4220020346074017754762
4220020350964018290640
4220020356744015358333
4220020360334018290640
4220020366914019850811
4220020375864018290640
4220020377504018290640
4220020378684018290640
4220020379554018290640
4220020386944018283636
4220020390244018290640
4220020399834018290640
4220020400504018290640
4220020401004018290640
4220020406464017104000
4220020407504025256250
4220020407524018290640
4220020416214018290640
4220020418504021791982
4220020419524018290640
4220020422774018290640
4220020425684014230000
4220020425734019391228
4220020426784021289474
4220020429164018290640
4220020431544016388525
4220020432994018290640
4220020440324017150000
4220020441064018290640
4220020445044016397674
4220020445964016397674
4220020449004018290640
4220020450014013307407
4220020452674022546809
4220020454974018290640
4220020455224018290640
4220020455394018290640
4220020459534017227273
4220020465674018928947
4220020466804018290640
4220020468244016428986
4220020470674018290640
4220020470874018290640
4220020472714018290640
4220020476184017770455
4220020477104019735014
4220020479074018290640
4220020480074019895775
4220020483844016070213
4220020484584016359091
4220020493844012916667
4220020502264019625000
4220020506804019850811
4220020507584018015000
4220020508644015244444
4220020512274016692857
4220020518974014961364
4220020522544012559408
4220020529594015720000
4220020533194018290640
4220020535394016948000
4220020537114019850811
4220020539944018290640
4220020541484020039691
4220020541874018290640
4220020542204018290640
4220020544824018283636
4220020549754018807692
4220020554294018290640
4220020555794012877778
4220020555834023757143
4220020557444016359091
4220020561874019895775
4220020564724017386667
4220020576694018290640
4220020577354018283636
4220020592124014961364
4220020593564018290640
4220020605514018290640
4220020611724018290640
4220020611864026186364
4220020613034018290640
4220020613714017080282
4220020614394018290640
4220020618064020039691
4220020625264020039691
4220020633984018290640
4220020637894018290640
4220020640184018290640
4220020642534013916923
4220020643894018290640
4220020650164018837931
4220020650754019850811
4220020660464015720000
4220020661704016948000
4220020665364018290640
4220020668484018290640
4220020669804018290640
4220020671564013358824
4220020675434018290640
4220020677664018290640
4220020677894026122727
4220020678124018290640
4220020681244018807692
4220020686654018290640
4220020692644018290640
4220020705134019850811
4220020715474018290640
4220020716444018140508
4220020716484018290640
4220020720304020039691
4220020721814019895775
4220020722634018290640
4220020724444018290640
4220020725294024508333
4220020726754015720000
4220020731594018290640
4220020735354014596875
4220020741174020039691
4220020748994018290640
4220020753674013307407
4220020757574020125000
4220020760124021404545
4220020760744019850811
4220020765024022037838
4220020766264018290640
4220020766734018290640
4220020769684018140508
4220020777414015340000
4220020781394018290640
4220020784054019537838
4220020784324018678947
4220020787334016062004
4220020787514018751852
4220020788514018290640
4220020792644015358333
4220020793784019229596
4220020798004013307407
4220020801774018290640
4220020802364017349231
4220020804554015540741
4220020807964020850000
4220020809214018290640
4220020813364018290640
4220020814624018290640
4220020816254018290640
4220020816294013307407
4220020828264018290640
4220020832344018290640
4220020833864015720000
4220020835654018290640
4220020839254022886667
4220020840624016070213
4220020840794018290640
4220020841044018290640
4220020846244021888889
4220020851544018290640
4220020855034015540741
4220020860504015720000
4220020861354017336000
4220020863774014685417
4220020865974019850811
4220020866804019850811
4220020869524018290640
4220020872304018290640
4220020875074018290640
4220020877104018290640
4220020881404018290640
4220020882144021289474
4220020888174018290640
4220020889314013916923
4220020892314017100000
4220020893754019148448
4220020894164018290640
4220020894744019850811
4220020898794015720000
4220020900564015720000
4220020901164020039691
4220020903314018290640
4220020906204017336000
4220020907774020039691
4220020908514018290640
4220020911144018290640
4220020918494018290640
4220020921044014893333
4220020926224022037838
4220020930714015720000
4220020936974018290640
4220020937964021051163
4220020943414018290640
4220020958974018290640
4220020959114018290640
4220020961804012274138
4220020967774018290640
4220020980604018665385
4220020984224018290640
4220020984564022037838
4220020995024022860870
4220020996304018290640
4320020020254018290640
4320020031964018816514
4320020039614015753125
4320020046374021203030
4320020054244018290640
4320020060004019283168
4320020067744018290640
4320020095644015310000
4320020103984022502703
4320020104444018290640
4320020116934018290640
4320020117754018290640
4320020122004018290640
4320020132364018290640
4320020141374015310000
4320020150644001583128
4320020156144018290640
4320020172524018290640
4320020177884018067391
4320020188624017872727
4320020189474020447436
4320020191064018290640
4320020192754018290640
4320020205174018290640
4320020213584018290640
4320020214514018290640
4320020229204018290640
4320020233424018816514
4320020245434017914000
4320020249034017914000
4320020252134018290640
4320020253254015753125
4320020262764018290640
4320020271864018290640
4320020271874018816514
4320020276324024363158
4320020280424020963265
4320020281504018816514
4320020287284015392857
4320020287614018290640
4320020304444019393072
4320020304894018290640
4320020306794019393072
4320020310084018816514
4320020315464018290640
4320020318194018290640
4320020320164018290640
4320020322074018290640
4320020323104015753125
4320020324154018290640
4320020331254017392157
4320020335044019283168
4320020335574022280952
4320020342634018506452
4320020343014018290640
4320020358074018290640
4320020375774018290640
4320020379724018290640
4320020380284018290640
4320020381644019286667
4320020387494018290640
4320020388724018290640
4320020392494018290640
4320020395114018290640
4320020398854017953659
4320020401474019283168
4320020412174020081081
4320020426614018290640
4320020428114019906061
4320020430344018290640
4320020432134017392157
4320020433184018816514
4320020433884018290640
4320020434514017375862
4320020434594018290640
4320020434644019090909
4320020445354018290640
4320020457034018290640
4320020469184018290640
4320020469324018290640
4320020482374017392157
4320020483344017375862
4320020485184018290640
4320020494534018290640
4320020498784018290640
4320020513204018290640
4320020513714018290640
4320020522754018290640
4320020524544018290640
4320020537494018290640
4320020538134018290640
4320020544154017392157
4320020545664018290640
4320020555594018290640
4320020562344020700000
4320020566254018290640
4320020571644017392157
4320020574594018290640
4320020578894018290640
4320020604374020447436
4320020624854016831034
4320020635004016831034
4320020636804019158824
4320020646744017987027
4320020658154018290640
4320020660254020963265
4320020662674018290640
4320020666294015200000
4320020678814018290640
4320020688914018067391
4320020690184018290640
4320020703444020447436
4320020703474018067391
4320020706374020963265
4320020716054018290640
4320020716194019286667
4320020718974018290640
4320020719574018290640
4320020723234018290640
4320020724294018290640
4320020728524020963265
4320020742224018290640
4320020745114018290640
4320020748004017987027
4320020758884018290640
4320020769434016170886
4320020782024018290640
4320020786944018816514
4320020791304016170886
4320020793864027273333
4320020795274016831034
4320020799904021917568
4320020818374018816514
4320020821754018290640
4320020822734018290640
4320020824444018773143
4320020824624020963265
4320020824854018290640
4320020824914018290640
4320020831374018290640
4320020837334018290640
4320020848464018290640
4320020854344018539560
4320020858544018290640
4320020860674020700000
4320020863704018290640
4320020868354016170886
4320020869614018290640
4320020871474018290640
4320020877154018290640
4320020879194018290640
4320020903124018290640
4320020903774018290640
4320020905514015753125
4320020906914027273333
4320020939604020963265
4320020946484018290640
4320020947354020700000
4320020960954020963265
4320020968844018290640
4320020973874018290640
4320020978094018290640
4320020983974018290640
4320020985604018290640
4320020999294017914000
4420020000794017858333
4420020003404022526531
4420020011714020946914
4420020022304023200000
4420020023134018290640
4420020023864018290640
4420020026904019313333
4420020028184014302941
4420020029754021130233
4420020043554014661538
4420020043594020881013
4420020051344020881013
4420020052194017631250
4420020057304016909375
4420020058344025042308
4420020062974018290640
4420020065584018247945
4420020072164018640625
4420020074724014848148
4420020082064015034375
4420020084334020881013
4420020103154015400000
4420020108084017702564
4420020108384017564516
4420020114914019947727
4420020123494017477083
4420020129604015362222
4420020136174018290640
4420020136344019878571
4420020141074018247945
4420020143294018290640
4420020147974018312727
4420020148554015034375
4420020156634016195000
4420020158584012770588
4420020188944013484211
4420020193044018290640
4420020194134020881013
4420020203284019670833
4420020203724018290640
4420020212594015062857
4420020234164015400000
4420020235404015979310
4420020242574021130233
4420020245814014302941
4420020253584016590000
4420020256194018469859
4420020263194023200000
4420020264794018290640
4420020267814014375000
4420020269024018290640
4420020278584016195000
4420020286874018290640
4420020287324019766667
4420020288274022774881
4420020292514018290640
4420020293674020881013
4420020310544015560714
4420020321844017110526
4420020323784016195000
4420020333424018290640
4420020335284022000000
4420020340944018290640
4420020341684015560714
4420020347304022774881
4420020354814018290640
4420020360694018290640
4420020366034017110526
4420020376524020946914
4420020385544020778378
4420020390954020881013
4420020391914018880769
4420020400704018290640
4420020402154014297872
4420020411844018290640
4420020414994020257692
4420020420494020257692
4420020432844021477193
4420020457994020881013
4420020458404020946914
4420020460654013716667
4420020468984018290640
4420020469484016381579
4420020478194022657895
4420020480014023678788
4420020481194018290640
4420020483944014661538
4420020484064018290640
4420020484654017110526
4420020486634014848148
4420020496254018290640
4420020498154023200000
4420020504024018290640
4420020505554018469859
4420020512864017477083
4420020512904020946914
4420020514014016338776
4420020518584020257692
4420020520924021616216
4420020521854017858333
4420020522204018290640
4420020525164018913333
4420020529134018469859
4420020533084018290640
4420020539684022657895
4420020549894019947727
4420020551584023823529
4420020562194015100000
4420020578654019176596
4420020579934016100000
4420020587914024190000
4420020609844020257692
4420020620524018290640
4420020624544020881013
4420020627474017606897
4420020628274015362222
4420020632154013680000
4420020633744018290640
4420020637804021011765
4420020645844014661538
4420020653154022960870
4420020663904016381579
4420020690394018071739
4420020705314018290640
4420020706954019922727
4420020712834019766667
4420020721374019143243
4420020722944020257692
4420020722964018290640
4420020724904019176848
4420020725634013484211
4420020726624022657895
4420020736194018290640
4420020736484022960870
4420020741894020881013
4420020745784019947727
4420020752874020225000
4420020754214021477193
4420020759744022526531
4420020771284018290640
4420020773914019750847
4420020778434018290640
4420020782844018071739
4420020783114019670833
4420020784794021477193
4420020785344018290640
4420020791384017477083
4420020798274018290640
4420020802564018032558
4420020803074017110526
4420020811084023678788
4420020821764017110526
4420020829484020257692
4420020830244018290640
4420020832674018290640
4420020844444018290640
4420020858474013014815
4420020858874021477193
4420020865694015088889
4420020866914018290640
4420020884724018290640
4420020888844017702564
4420020890554019143243
4420020891934021011765
4420020903664017477083
4420020904964019878571
4420020915564018290640
4420020921924018290640
4420020923794015704950
4420020931514018071739
4420020932904023678788
4420020934064020946914
4420020938034014375000
4420020940674016909375
4420020951714020300000
4420020982674018880769
4420020986324018290640
4420020988774018290640
4420020988954018290640
4420020999894022774881
4520020009084018290640
4520020030174015700000
4520020084624018290640
4520020254784016652941
4520020267534017730645
4520020394324017183333
4520020428544022150000
4520020442764016652941
4520020557074018290640
4520020644644021296000
4520020730424017730645
4520020750054015700000
4520020889134021417857
4520020889344015052632
