422005 0000094014102299
432005 0001611018290640
432005 0002531018290640
412005 0002751018290640
442005 0002834022087973
432005 0004464018290640
422005 0005591018290640
422005 0008244016867424
432005 0008361018290640
422005 0009821018290640
412005 0014291018290640
432005 0014881018290640
452005 0015441018290640
432005 0015521018290640
432005 0015921018290640
422005 0015974018542725
412005 0017334014892069
422005 0017514018290640
422005 0018401018290640
432005 0018991018290640
422005 0020244019130276
422005 0020514018290640
432005 0021421018290640
422005 0022001017566397
432005 0023211018290640
422005 0024081016959087
452005 0024574017289532
422005 0024731012243904
422005 0025081018290640
422005 0025554020845199
412005 0025624013843320
432005 0025851024044311
432005 0027174018636255
422005 0027244016219520
422005 0028824018241451
432005 0029614018784349
442005 0031404015955238
422005 0031434015357320
432005 0032134022892243
412005 0032151016101825
452005 0033591018290640
412005 0034194013130049
422005 0035064015390697
442005 0035801019445543
422005 0037214025948614
442005 0039744019445543
412005 0040161018290640
432005 0040184001684240
422005 0040801018290640
412005 0041511018290640
422005 0042861018290640
442005 0043724022087973
442005 0043781018290640
422005 0044441018687613
442005 0045471014483454
412005 0045901018290640
422005 0046994022897776
432005 0047691018290640
432005 0048051018290640
432005 0048071018290640
422005 0050261019227161
412005 0050814018602311
412005 0051461018290640
432005 0051624018290640
442005 0054051014905988
442005 0054691018427429
442005 0054881023340023
432005 0055024018290640
422005 0056004025948614
442005 0056264018501123
422005 0056571018290640
442005 0056841018290640
442005 0057241018290640
412005 0057714018290640
432005 0058044018636255
412005 0058201018290640
422005 0058641018542725
412005 0058891018290640
442005 0059031019102848
422005 0060301018290640
412005 0061001018290640
432005 0063494018290640
422005 0063621018290640
432005 0063884001684240
432005 0064084016169211
432005 0065694001684240
422005 0067394001896880
412005 0067511017038351
432005 0068391018290640
422005 0068474016769176
412005 0069531018290640
422005 0069804017918342
452005 0070214026612675
432005 0071831001684240
442005 0072211018290640
422005 0074041018290640
422005 0074791018290640
432005 0078884018290640
442005 0081094017498988
412005 0081961018290640
422005 0083041021337540
452005 0083091018290640
442005 0084404020209715
412005 0084971018290640
442005 0085414026706154
442005 0086991018290640
442005 0088601018290640
422005 0088774034614566
422005 0090101015390697
422005 0090774016499126
422005 0091141018290640
442005 0091871018290640
432005 0091991018290640
432005 0092201018290640
432005 0093351018290640
432005 0093621020057607
422005 0093871018290640
442005 0094224018290640
442005 0094761018290640
422005 0094781012451286
442005 0097014018290640
422005 0097174018290640
412005 0097201018290640
422005 0097971019542676
422005 0098911022464231
432005 0099151018290640
422005 0099414019953647
422005 0099651018290640
442005 0099801021298822
412005 0099974003412146
422005 0100511015329060
442005 0100634017590520
422005 0101431018290640
442005 0103394019587094
432005 0105681018290640
422005 0105984023936645
412005 0106121018290640
422005 0107171018290640
412005 0108684018290640
422005 0109224015434858
412005 0109831003412146
452005 0110724018290640
412005 0112574003412146
442005 0112844018750513
422005 0112901018290640
422005 0113374016899265
432005 0113501018290640
412005 0114821018290640
432005 0115541018290640
442005 0117324018290640
432005 0118834022892243
422005 0119154013979408
432005 0120024018934880
442005 0120741015083896
432005 0121371022174838
432005 0122531018290640
422005 0123221018290640
412005 0123284023232910
452005 0123634018290640
422005 0124411018290640
422005 0125281018290640
422005 0125851018290640
422005 0127361018290640
442005 0127591018290640
432005 0127661018290640
432005 0128101018290640
432005 0129441018290640
432005 0129714020846732
442005 0130054018944970
422005 0130131018290640
412005 0130181015684416
432005 0132021018290640
422005 0132584018290640
432005 0133154020057607
432005 0134044018290640
422005 0134054018290640
442005 0134244019354694
442005 0136234019445543
422005 0136644018290640
432005 0136651018290640
442005 0137194017424991
422005 0137701018290640
432005 0141331018290640
422005 0141654014599577
422005 0142004020435661
432005 0143894001684240
432005 0144014001067806
432005 0144271018290640
432005 0144824020846732
412005 0144881014991270
442005 0145494017578597
412005 0145951018290640
422005 0146094023936645
432005 0146364018290640
442005 0146411018290640
422005 0148091018290640
432005 0149644018290640
422005 0149694018290640
422005 0149894015434858
422005 0150491014749746
442005 0150921018290640
432005 0152601018290640
422005 0152914018290640
432005 0154814018290640
432005 0155161001896880
422005 0155921018290640
422005 0156291018290640
412005 0156551018290640
432005 0156701018290640
432005 0156994018290640
442005 0159111018290640
422005 0159751018290640
412005 0160191018290640
432005 0160341018290640
412005 0160631018290640
422005 0161854018515865
412005 0162714016844873
432005 0165414018290640
432005 0166061015556858
432005 0167171018290640
422005 0167264018290640
422005 0167734018290640
432005 0168681018290640
442005 0169151018290640
432005 0169834001684240
422005 0170721018290640
422005 0171101018290640
422005 0171254020357384
442005 0172011018290640
412005 0174074018290640
432005 0174104018023186
442005 0175344026706154
422005 0176054012451286
422005 0176061018290640
432005 0176081018290640
422005 0176241018290640
422005 0176601018290640
412005 0176631017539334
412005 0177251018290640
412005 0177501018290640
412005 0178794001212120
442005 0179264018290640
442005 0180784021298822
432005 0181341018290640
432005 0181451018290640
442005 0181524013614535
452005 0181544017988997
432005 0183551018290640
422005 0189121018290640
442005 0189774013189562
422005 0190231017409539
432005 0191384018290640
422005 0191474018290640
442005 0191674019914872
452005 0191691018290640
432005 0192291018290640
422005 0192471018290640
442005 0192741018290640
422005 0192784018107460
422005 0193534018290640
432005 0193571018290640
452005 0193984018290640
432005 0194214001684240
412005 0194311012228930
412005 0194541018290640
412005 0194814019066371
442005 0196351018290640
422005 0196691014792411
422005 0196951018290640
432005 0197171018290640
432005 0198721018290640
432005 0200501018312135
452005 0201584017988997
442005 0202324017426645
442005 0202604021169441
422005 0203621012451286
432005 0203934018290640
422005 0204281016219520
422005 0204741018290640
422005 0205304023240936
432005 0206754001684240
432005 0206901018290640
412005 0207171018290640
432005 0207691018290640
442005 0207731023340023
442005 0208304018290640
432005 0208661001896880
452005 0209571018290640
422005 0210771020435661
422005 0210841018290640
422005 0210981018290640
422005 0211524023357865
422005 0215011017817541
442005 0215961018944970
422005 0217931018290640
422005 0218131018290640
432005 0218284015556858
422005 0218401022464231
422005 0219684012660598
432005 0219761018290640
442005 0220261018290640
442005 0222431018290640
432005 0224351018290640
412005 0225361018290640
422005 0225664018290640
412005 0225851003412146
412005 0226221018290640
422005 0226861018290640
432005 0227314018290640
422005 0228701018290640
422005 0230721018290640
422005 0231674019217396
442005 0232421016330054
432005 0232721018200938
422005 0235151018290640
412005 0237354018290640
412005 0237971018290640
432005 0238571018290640
422005 0239241018290640
432005 0239344018636255
432005 0239701018290640
412005 0240691012226003
412005 0240721018290640
442005 0240964013667037
432005 0241211018290640
432005 0241481018290640
432005 0242691018290640
442005 0243081018290640
442005 0243904022743065
422005 0244364012660598
412005 0244634017993920
432005 0244934018290640
432005 0244944018290640
422005 0245114018290640
432005 0245161018290640
422005 0245204016433982
452005 0245794014092358
422005 0245851018290640
432005 0246491022892243
442005 0247731018290640
422005 0249641020907797
452005 0249931018290640
422005 0250291018290640
442005 0250811018048154
442005 0251144018750513
432005 0251214018290640
432005 0251984001684240
422005 0253494018290640
412005 0253744019639045
422005 0254394018163639
452005 0254584015803441
442005 0255464019977865
422005 0255601018290640
422005 0256414018290640
432005 0258551018290640
442005 0259181020101328
412005 0259631018290640
432005 0260101018290640
422005 0261891018290640
412005 0262911018290640
422005 0263101023357865
432005 0265381018290640
422005 0266444019953647
422005 0266754018290640
442005 0267244021443822
412005 0267271018290640
422005 0268631019556242
422005 0269334018290640
432005 0270111018290640
452005 0270141018290640
412005 0270481018290640
442005 0270504025032285
432005 0272851018290640
422005 0273231018290640
432005 0276041018281606
422005 0277391018290640
432005 0277424001684240
422005 0278854020952857
412005 0280104014670209
452005 0280181018290640
412005 0281841023038856
422005 0281994025948614
422005 0283511018290640
432005 0284304001684240
432005 0286771018290640
412005 0288201019181971
422005 0288351018290640
422005 0288941015434858
442005 0289161018290640
412005 0289964018290640
432005 0290081018290640
422005 0290614012451286
422005 0292871018290640
422005 0294081018290640
422005 0294234019217396
422005 0295151018328447
422005 0295564019953647
412005 0295661018290640
422005 0296501018290640
412005 0297324018290640
422005 0299031012390551
442005 0303041021298822
432005 0303471017216495
422005 0304231018290640
432005 0304281018290640
432005 0304391018290640
452005 0304824013056407
432005 0305501018290640
442005 0305891018290640
432005 0308034018290640
432005 0308211018290640
422005 0308521019542676
422005 0309741018290640
412005 0309821018290640
422005 0310301018290640
432005 0313391018290640
422005 0313634016433982
432005 0315831018290640
432005 0316444018290640
422005 0316504015329060
422005 0320084018703226
432005 0320314001684240
412005 0322134019520534
432005 0324374001684240
422005 0325384019542676
442005 0326301019587094
422005 0327141018290640
432005 0327221019092731
432005 0327291018290640
412005 0327561018290640
412005 0327701018290640
432005 0327741018290640
412005 0328344018290640
412005 0328551018290640
422005 0330421018290640
422005 0331961018290640
442005 0331974014823789
432005 0332161018290640
412005 0332571019639045
442005 0333691018290640
422005 0335051018290640
412005 0335114003412146
432005 0335924021652507
422005 0336151018290640
432005 0337391017200511
412005 0337961018290640
412005 0338871023038856
412005 0340514014892069
412005 0340661018290640
442005 0342354013991320
412005 0342801018290640
412005 0344491018290640
422005 0344714020007933
432005 0344991018290640
422005 0345401018290640
422005 0345441020845199
422005 0346441018290640
422005 0346551018163639
422005 0347411012243904
422005 0347911018290640
422005 0347954014434413
412005 0348031003412146
452005 0348594026612675
422005 0348941018290640
442005 0349604021443822
432005 0350261017532824
442005 0350634014564021
452005 0351221018290640
422005 0351284018290640
432005 0351411018290640
442005 0351574018350934
412005 0351611018290640
422005 0351691018290640
432005 0351961019441121
412005 0352194018497212
442005 0352704018290640
422005 0356651018290640
422005 0357491018290640
432005 0360071015556858
412005 0361191018290640
442005 0361671018511734
452005 0361741018290640
432005 0362501018290640
422005 0362651018290640
432005 0363061018290640
412005 0363644018290640
432005 0364124018636255
442005 0364771021694234
422005 0365231018290640
412005 0366184018290640
442005 0366244018290640
452005 0366541018290640
442005 0366691018290640
422005 0368384019844941
432005 0368804018290640
452005 0370081018290640
452005 0370754014092358
432005 0371321018290640
432005 0371564018290640
452005 0372591018290640
422005 0373494019953647
422005 0373741018290640
412005 0376071018290640
412005 0378604014892069
452005 0379334014578967
432005 0380194001684240
442005 0380521019491287
422005 0382094020435661
452005 0383231018290640
442005 0384171018290640
442005 0384444018944970
442005 0386101015199802
452005 0389201018290640
412005 0389541018290640
412005 0389951023232910
432005 0389971015333278
452005 0390541015615725
432005 0391214020057607
422005 0391631019953647
422005 0392051018290640
442005 0392214019937865
432005 0393361018290640
432005 0395161018290640
442005 0397694018944970
422005 0398094018290640
442005 0398164018290640
442005 0399501018290640
432005 0400464019229793
422005 0401301018290640
422005 0401641024164394
442005 0402784018290640
422005 0402964014036255
432005 0403004018636255
452005 0403011018290640
452005 0403664018375120
422005 0405904018290640
432005 0405984018290640
432005 0405991018290640
422005 0406254022797011
422005 0407831016959087
422005 0408164002659255
452005 0408824015615725
412005 0408841018290640
422005 0409524018515865
432005 0410151018290640
432005 0410781018290640
432005 0412604001684240
432005 0413231018290640
422005 0413311018290640
442005 0414721014823789
442005 0414934012507309
432005 0415934018290640
422005 0421564020827117
432005 0422314001202620
412005 0426241018290640
412005 0426861018290640
422005 0430151018290640
442005 0433131018290640
422005 0433321018290640
442005 0435094017578597
442005 0437001018290640
452005 0437204015615725
432005 0438184022892243
432005 0438404018290640
432005 0441111018290640
422005 0441601019284093
412005 0444234014991270
422005 0445601018290640
442005 0445714014148434
432005 0446551017048244
412005 0446834001896880
442005 0447194020011648
422005 0448274018290640
412005 0449301018290640
432005 0450061017817043
442005 0450414018290640
452005 0450891017988997
422005 0451051002596491
442005 0451344014483454
422005 0452654018379221
422005 0452781018290640
412005 0454651018290640
422005 0455884025036627
422005 0456434021817560
432005 0457321018290640
432005 0457351018290640
432005 0458171018290640
432005 0458384019098433
442005 0459051018290640
432005 0459281018290640
452005 0460051018290640
422005 0461084018290640
432005 0462184016706462
452005 0462341026612675
422005 0463051018290640
442005 0464114017870275
412005 0465821018290640
422005 0467064018290640
422005 0467481018290640
432005 0467554001684240
432005 0469014019229793
412005 0469891018290640
432005 0469934001684240
412005 0470404018290640
422005 0471721018290640
422005 0471824018290640
422005 0472111001896880
432005 0473104018290640
412005 0474221018290640
422005 0474381018290640
422005 0474391018290640
422005 0476221018290640
422005 0476394018290640
432005 0477291017817043
432005 0477504018290640
432005 0477714020057607
452005 0478394021277708
422005 0478951018290640
432005 0479091001896880
432005 0479231018290640
442005 0480451017578597
432005 0480971018290640
442005 0482414018290640
422005 0482741016219520
432005 0483051018290640
422005 0483214021763789
422005 0483874018290640
432005 0484274018316438
422005 0484534019453603
422005 0484881018290640
432005 0485141018290640
422005 0486324014102299
442005 0486734013554877
422005 0487371018290640
412005 0487994025971361
422005 0488231018290640
452005 0488491019770976
422005 0489004020435661
422005 0491114024841825
432005 0491864019229793
422005 0492081019284093
422005 0492131018290640
432005 0492254001684240
442005 0492414020625582
422005 0492461013776257
412005 0493371016373409
422005 0493701018290640
442005 0494291022388983
412005 0494404018290640
432005 0494511024044311
412005 0494951018602311
422005 0495554018290640
422005 0495931018290640
442005 0496964019491287
422005 0497901018290640
422005 0498321018290640
442005 0498991018290640
422005 0500341014036255
422005 0500741015434858
432005 0500791018290640
422005 0500831018290640
432005 0501351001896880
422005 0501664018290640
422005 0502014018290640
422005 0503144018290640
422005 0505041018290640
442005 0505264019446525
422005 0506244018290640
422005 0507181022464231
412005 0508021018290640
412005 0509381018290640
432005 0509461018290640
442005 0510181020346068
422005 0511341018687613
412005 0514221018290640
442005 0515511018290640
412005 0516241018290640
442005 0518311018290640
422005 0518401018290640
412005 0519041018290640
422005 0519394018290640
442005 0519881017408939
432005 0520304013528350
422005 0520444018290640
412005 0522381018290640
432005 0523834018290640
442005 0524874015935948
442005 0525494015935948
432005 0525964001684240
442005 0527084014564021
422005 0527401018290640
422005 0528881014102299
442005 0529324019587094
442005 0530694019017800
452005 0530841018290640
422005 0531111018290640
432005 0531401018290640
442005 0531951024425758
422005 0532674018290640
422005 0532791018290640
422005 0532851018290640
432005 0533201018290640
422005 0533371018290640
412005 0533611018290640
442005 0533814018290640
422005 0534761018290640
432005 0535071018290640
452005 0536891015254144
432005 0537504018290640
432005 0538611018290640
422005 0539004019217396
422005 0539804018290640
422005 0539931018290640
412005 0540244001212120
442005 0540524014564021
432005 0540644001684240
412005 0540661018290640
432005 0540761018290640
422005 0541111018290640
422005 0541144016433982
422005 0541601013776257
412005 0543494018290640
412005 0544734018290640
412005 0545644018091134
452005 0545671017289532
422005 0546061018290640
412005 0548391018290640
432005 0548854001684240
432005 0549014018290640
442005 0549601020011648
432005 0550224001684240
432005 0550301018290640
432005 0552091018934880
432005 0552721018290640
432005 0552771018290640
412005 0552901018290640
442005 0553504018290640
442005 0553694018290640
412005 0556201018333414
422005 0557421018290640
432005 0557431018290640
442005 0557471016978035
412005 0557591003412146
412005 0558261024986004
422005 0558731018290640
412005 0558841017249169
442005 0559434021298822
422005 0562781018290640
412005 0563011018290640
442005 0564121015173998
442005 0564134018054173
422005 0565101018290640
432005 0565701018290640
422005 0566051018290640
432005 0567341018316438
422005 0568884018290640
432005 0569871018290640
432005 0571791018290640
412005 0572284020629197
412005 0573374018290640
442005 0575694022313180
422005 0575851018290640
422005 0576411018290640
422005 0576831001313001
412005 0578321018290640
432005 0579251018290640
422005 0579881018290640
422005 0580281018290640
442005 0580461018944970
412005 0581171018290640
432005 0581211018290640
432005 0582054018200938
412005 0583341018290640
422005 0585214014188556
432005 0586074016986345
422005 0587161018290640
432005 0587681018290640
432005 0587994001684240
422005 0588201018290640
442005 0588481018290640
422005 0589051018290640
422005 0589474018290640
422005 0590101025948614
422005 0590394018290640
422005 0590824022797011
442005 0591381018290640
422005 0593931018290640
412005 0594271018290640
412005 0595571018290640
422005 0596221018290640
452005 0596331019095978
422005 0596744019077152
432005 0597311019229793
442005 0597441019590814
422005 0597931018290640
422005 0598414018290640
422005 0598821018290640
412005 0598841018290640
422005 0599251014036255
412005 0601141018290640
412005 0601541018290640
422005 0601661018107460
412005 0601791018290640
412005 0602541018290640
442005 0602854018605202
442005 0603154015173998
442005 0603651018868917
432005 0605161018290640
422005 0605284015357320
442005 0605824021694234
442005 0605904016037945
422005 0606911018290640
422005 0607531018290640
432005 0607874018290640
422005 0609821018290640
412005 0611251018290640
422005 0611701017409539
432005 0612291018290640
452005 0613474015615725
432005 0614401018290640
412005 0615161018290640
412005 0615451018290640
412005 0618051018290640
412005 0618134025971361
412005 0620164018290640
442005 0620374016037945
452005 0621254012347571
422005 0622984018290640
422005 0623251018290640
432005 0623944001684240
422005 0623981018290640
422005 0625311014102299
412005 0625654018290640
442005 0627104014148434
422005 0627174018290640
412005 0627294018381448
442005 0627341021298822
422005 0628374018290640
432005 0628404001684240
432005 0628624018006559
422005 0629564017316421
442005 0630344019001836
422005 0630391018290640
422005 0632084018290640
422005 0632261019498126
432005 0632661018290640
432005 0632934023291922
412005 0633524014670209
422005 0634894018290640
412005 0635671018290640
422005 0636701018290640
422005 0637131018290640
422005 0638891018290640
412005 0639031018290640
432005 0639171001896880
442005 0639384014239172
442005 0640881018290640
432005 0641321019441121
442005 0643064015955238
432005 0645061018290640
432005 0645711018290640
422005 0645924001896880
412005 0648174016905986
432005 0649014018290640
412005 0649074017371949
432005 0649544018290640
422005 0650704015390697
422005 0652084013158607
422005 0653054020357384
422005 0653261018290640
442005 0653294019445543
422005 0656501018290640
432005 0656521018290640
432005 0658311018290640
432005 0659054018290640
422005 0659241018290640
422005 0659391015329060
422005 0659934018290640
432005 0660051018290640
432005 0660804018290640
422005 0662851018290640
442005 0663644021694234
432005 0663764018290640
422005 0664504018290640
422005 0664651018290640
452005 0664971018290640
442005 0665434019017800
412005 0665991018290640
422005 0667004018290640
422005 0668394018290640
422005 0669411018608803
422005 0670101013470199
422005 0670911020435661
412005 0672591018290640
422005 0672871018290640
432005 0673081018200938
422005 0674001024841825
432005 0674621018290640
442005 0675654018290640
422005 0676284018163639
452005 0677231018290640
422005 0679081018776806
422005 0680214021817560
442005 0680381020101328
452005 0680741018290640
422005 0681764018290640
452005 0681991018290640
422005 0682334016769176
442005 0684261018044708
442005 0684421017441201
422005 0684444014102299
412005 0684761018290640
432005 0685144018023186
432005 0685181018290640
422005 0686361018290640
442005 0688554018290640
442005 0689394012507309
432005 0690341018290640
432005 0691991018290640
422005 0692391018290640
422005 0693121018290640
422005 0693294020007933
432005 0693391018290640
442005 0694844021298822
432005 0697334018636255
422005 0698741020357384
422005 0698801018290640
422005 0700834001896880
442005 0700974015935948
432005 0701044017216495
442005 0701341015173998
422005 0702751018290640
432005 0703334018636255
442005 0703684013189562
412005 0704134018602311
422005 0705041014749746
422005 0705334020235748
412005 0706591018602311
422005 0708271016959087
432005 0708484001684240
432005 0708544019229793
422005 0709584018241451
422005 0710844020952857
442005 0711191018290640
422005 0712254019542676
452005 0712674016329817
422005 0714191018290640
422005 0714521018290640
422005 0716534018290640
412005 0716901018290640
422005 0717371016398655
442005 0717664013512726
412005 0722791016373409
422005 0723391018290640
432005 0723611018290640
422005 0723814013158607
432005 0724581018290640
422005 0725004018290640
422005 0725401018290640
422005 0725574018241451
412005 0726684012934479
422005 0728164019403110
442005 0728394024397392
422005 0729374018290640
412005 0729841018290640
432005 0730114018290640
422005 0731231018290640
432005 0732821018290640
452005 0733634018290640
422005 0733911001628425
432005 0734301018290640
422005 0734571016899265
412005 0735634003412146
422005 0738791018290640
442005 0739524021694234
422005 0741591018290640
452005 0741934022283557
422005 0743141018290640
432005 0744511018290640
442005 0745511018423154
412005 0745731018290640
442005 0746904012469960
432005 0748354020057607
442005 0749174019587094
442005 0750571018411086
432005 0750734024044311
432005 0751661018290640
442005 0752761018290640
422005 0753834014749746
442005 0757774018511734
422005 0758021018290640
432005 0758631018311443
452005 0758661018290640
432005 0758994001684240
442005 0759844018290640
432005 0760554018290640
412005 0762341018290640
422005 0762411018290640
452005 0764071018290640
432005 0764114018312135
422005 0765431018290640
422005 0765441018290640
412005 0765701018290640
422005 0766701018290640
432005 0767181018290640
412005 0767501018290640
432005 0767741018290640
432005 0768411018290640
422005 0768681018290640
432005 0768881018290640
442005 0768954018290640
422005 0770274019453603
422005 0771464018290640
432005 0771501018934880
422005 0771651018290640
432005 0771924020936388
422005 0772424015390697
422005 0772721018290640
432005 0773114001684240
422005 0773854018290640
422005 0774161018290640
412005 0775751018290640
452005 0776084015615725
452005 0776684015615725
412005 0777941018290640
432005 0778544001684240
432005 0778991018636255
432005 0779881018290640
442005 0781241016095200
422005 0782051018290640
422005 0782284018163639
412005 0783964018290640
432005 0783974001684240
412005 0785084018290640
422005 0785304018290640
412005 0787234018264375
452005 0787621018290640
442005 0788014020457905
442005 0790104014923437
442005 0790731018290640
422005 0790794016594845
432005 0791014018290640
412005 0791644018108351
432005 0794104018290640
422005 0794564018290640
432005 0794904001684240
412005 0796071018290640
432005 0796671018290640
412005 0796831018290640
422005 0797741019926142
422005 0799141018290640
432005 0799321018290640
442005 0799641018290640
422005 0799954013864608
432005 0800001018290640
422005 0800244018163639
442005 0800291021169441
432005 0801214018316438
422005 0801804019953647
452005 0801881018290640
422005 0802204025708357
412005 0802724003412146
422005 0803541018290640
422005 0804801018290640
422005 0805714015329060
432005 0807031018290640
452005 0807614015803441
452005 0808924018290640
432005 0809894018290640
422005 0810461018290640
442005 0811381018290640
422005 0811921018290640
442005 0813164023148700
442005 0813411018290640
442005 0814714015111597
412005 0817404014892069
432005 0817484001684240
422005 0818574016959087
412005 0819061018290640
442005 0819434018750513
422005 0819891016439021
422005 0821441018290640
432005 0821451018290640
412005 0824504018290640
432005 0826324018290640
422005 0827271018290640
442005 0827384021694234
422005 0827831018290640
432005 0828024022892243
422005 0828521018290640
432005 0829044001684240
432005 0829101018290640
432005 0830384018290640
442005 0830674018427429
412005 0831541018290640
412005 0831581018290640
412005 0831781023282347
412005 0832031018290640
412005 0832754025971361
452005 0833751019978005
422005 0834214019953647
412005 0835024016373409
412005 0835594017866542
422005 0835874018290640
412005 0836964018602311
442005 0837024021688370
432005 0838264019229793
422005 0839461018290640
422005 0840944012217256
452005 0841201015803441
422005 0841274013979408
422005 0842044018360901
422005 0842591015329060
422005 0843161018290640
412005 0843504025971361
442005 0843654018350934
422005 0844064018064856
432005 0844804018290640
442005 0847864013368407
422005 0848954019542676
422005 0849114012390551
422005 0849201018290640
422005 0852484018290640
432005 0852734018290640
422005 0852771018290640
412005 0853464018290640
422005 0853674019926142
432005 0854314001896880
422005 0854501018515865
422005 0854664018290640
412005 0854751018290640
442005 0855514020101328
422005 0857284018290640
432005 0857364018290640
422005 0857681018290640
412005 0858394018290640
412005 0859531018333414
412005 0859821018290640
422005 0860241013864608
422005 0862431016594845
432005 0863784018290640
432005 0863894018290640
422005 0865094018290640
432005 0865544001684240
412005 0865834017993920
422005 0866324013864608
412005 0866331018290640
422005 0870141018290640
412005 0871621018290640
412005 0871631018290640
432005 0871734018316438
422005 0872384018290640
422005 0873831018290640
432005 0876334018290640
422005 0877301018290640
412005 0877921018290640
422005 0879604013864608
422005 0879724017376180
412005 0880051018290640
442005 0881144014148434
412005 0882971018290640
422005 0885491021817560
412005 0887084017249169
412005 0887814023038856
432005 0887844001684240
422005 0888191018163639
422005 0888834018290640
442005 0889914021694234
422005 0889981018290640
422005 0890201018290640
432005 0891214018290640
422005 0892111016297103
422005 0892491013864608
432005 0892664020057607
432005 0893591018290640
442005 0893681018876977
432005 0895094001684240
422005 0896134018290640
442005 0896444018511734
422005 0896851018290640
432005 0896934015222712
442005 0897094024053870
412005 0897481018290640
422005 0897721018290640
422005 0897781018290640
422005 0897881013158607
422005 0898031012243904
432005 0898324018290640
432005 0899041018290640
422005 0899484018290640
422005 0899731018290640
422005 0900124014434413
432005 0900251018290640
422005 0900911018290640
442005 0902041018059601
422005 0903464020952857
412005 0903674018290640
422005 0904031018290640
422005 0904591012451286
412005 0905341018290640
422005 0906431018290640
422005 0910791018290640
422005 0911081018290640
452005 0911111018290640
432005 0911844018290640
442005 0913081014823789
412005 0913521018290640
452005 0914294015615725
422005 0914381018163639
422005 0915161018290640
432005 0915761018290640
422005 0915881018290640
452005 0916004015615725
442005 0916454021169441
432005 0916534018636255
412005 0917471018290640
412005 0918004012934479
452005 0918054022276684
432005 0918361001896880
422005 0918664021817560
442005 0919564025032285
422005 0920601018290640
422005 0922064024691005
442005 0922121013368407
432005 0922904001684240
442005 0923024018350934
442005 0923254020987880
422005 0925264019542676
432005 0925374018200938
422005 0927241018290640
422005 0927524018290640
452005 0928224020408623
442005 0928741018290640
422005 0929671018290640
432005 0930051018290640
422005 0931014018290640
432005 0931574018290640
442005 0932071020101328
422005 0932571018290640
422005 0932731018290640
432005 0934494020057607
422005 0935851019227161
442005 0936291018290640
442005 0937014018290640
422005 0937134016333307
412005 0937881012226003
412005 0937901018290640
412005 0940181015966172
442005 0941411022313180
432005 0941691018290640
412005 0941824013843320
442005 0942941018290640
442005 0943494019937865
432005 0943684023291922
412005 0945201018290640
422005 0945501016439021
432005 0945794001684240
452005 0946141018290640
442005 0946341023023980
442005 0946784018876977
422005 0947044014434413
412005 0948121018290640
412005 0948151013130049
432005 0948584018290640
422005 0948624018290640
422005 0948671018290640
422005 0948751018290640
412005 0948781018290640
422005 0948824019926142
452005 0949321019014549
422005 0949401018290640
442005 0949761020824178
422005 0950491027272015
422005 0951131018290640
422005 0951391018290640
432005 0951874001684240
432005 0953204020057607
432005 0954461018290640
432005 0957794001684240
442005 0958041018290640
432005 0958714017532824
422005 0958751018795984
422005 0958844015916961
422005 0960384018290640
432005 0960981018290640
432005 0962541018290640
412005 0964254017371949
422005 0965084019542676
412005 0965411018290640
422005 0965421018290640
412005 0965444018290640
442005 0966154016807711
412005 0966531018290640
412005 0967331018290640
412005 0968751018290640
412005 0969021018290640
412005 0969044001212120
432005 0969634001684240
432005 0969941018290640
432005 0969964001684240
442005 0970424021694234
442005 0970681018290640
422005 0971621018290640
442005 0972281018290640
422005 0975101016899265
412005 0976041018290640
422005 0981284018290640
442005 0981614018290640
422005 0982504013979408
432005 0983934001684240
422005 0986281018290640
442005 0987811018290640
432005 0988441018290640
422005 0989144019953647
442005 0989174020824178
432005 0989561018290640
432005 0989984021241477
422005 0990624018290640
442005 0991261018290640
412005 0991501018290640
422005 0992504019953647
412005 0996554018290640
422005 0997371019542676
412005 0998731018290640
412005 0999934019520534
