43910000472012653500
41910000791007327500
42910001061017374400
43910002602019270572
43910002821017374400
44910002882017374400
43910003151017904334
44910003301017374400
43910003581017374400
43910004521017374400
44910004961017374400
44910005151017374400
44910005282017374400
44910006121017374400
44910006421017374400
43910006482017374400
41910006871017016734
41910007012017374400
41910007391017374400
44910007501017374400
41910007651017374400
41910008462017374400
43910008522017208915
42910008831020152174
41910009102021968454
43910009641017154456
42910009711017374400
43910011041017374400
45910011121017374400
43910011582007327500
43910012241017374400
43910012951017374400
44910013731017374400
43910014341017233074
44910014461017374400
44910014821017374400
42910015192017374400
43910015392023691680
44910015861017374400
44910016371016494517
42910017831017374400
44910017871017374400
44910018141017374400
41910018501017374400
43910018521017904334
42910019091019583836
42910019201017374400
44910019841017374400
44910020042017638938
41910020051017374400
42910020071015629305
42910020592019666716
41910020721017374400
42910021001017374400
44910021161017374400
42910021211018264331
44910021322013724878
44910021401017374400
41910022011017374400
43910022041017374400
42910022592017374400
41910022731017374400
43910023462007327500
43910023662007327500
43910024451017374400
43910024591017374400
43910024661017374400
43910025081017374400
44910025231017374400
44910025572017374400
44910025881017374400
43910025901017008581
43910026112015448973
43910026401017374400
44910026501017374400
44910026561017374400
44910026601017374400
44910026721017374400
44910026951017374400
43910027241017374400
42910027451017374400
44910027511017374400
41910027961017374400
42910028602015754496
44910028641017374400
44910028951017374400
43910029371017374400
44910029531017374400
44910030241017374400
44910030872017374400
44910031421017374400
44910031501017374400
41910032332017374400
42910032422019666716
44910033301017726690
41910034441017374400
43910035491007327500
44910037181017374400
43910037361007327500
43910037391017374400
43910037481017374400
43910037821015812840
44910037881017374400
44910038431017374400
43910038611017374400
44910039132017374400
44910040651017374400
44910040921017374400
41910041031017374400
42910041111017374400
44910041211017374400
43910041511017208915
41910041531017374400
44910041611017374400
41910041621017374400
42910042302018657234
44910042701017374400
41910042822018109220
44910042891017374400
44910042901017313473
42910042941017374400
44910044142017313473
41910044221017374400
43910046382007327500
41910046512007327500
42910046952017374400
43910047451017374400
44910047591017374400
44910047661017374400
44910047691017374400
43910047721015447500
43910048052017374400
44910048202017374400
43910048321017374400
43910048632020059202
42910049451017374400
44910049631017374400
43910049901017374400
42910050321017374400
42910050421017374400
42910051361017374400
44910051501017374400
42910051741017374400
44910052131017374400
41910052192016964486
44910052501017374400
41910052561017340346
41910054051017374400
41910054371017374400
42910054971015231907
44910055722017374400
42910056012017374400
42910056091015106858
44910056341017374400
44910059841017374400
42910059981018264331
44910060031017374400
44910060361017374400
42910060512017374400
43910060632017374400
43910060971017208915
44910061431017374400
44910061621017374400
43910062671017374400
43910063971019270572
44910063991017374400
41910064001017374400
41910064471017374400
43910064991020059202
42910065591017374400
41910067732017374400
43910067892015447500
41910068462017374400
45910068861017374400
41910068881017374400
43910070191007327500
42910070732017374400
43910070851017374400
43910070981017374400
43910071501017374400
43910071751017374400
42910072002017374400
43910072082017374400
44910072562023112024
43910072601017374400
44910072631022126679
44910072771017374400
44910072791017374400
43910073111017374400
44910073471017374400
43910075272017904334
44910075281017374400
42910075412016947176
44910075451017374400
43910075521015448973
44910075531017374400
43910075811017012313
41910075961017374400
42910076701017374400
41910076801017374400
42910077331017374400
42910077421017374400
41910078421017374400
42910078912021336923
41910079991017374400
41910080551017374400
44910080641017374400
41910081352007327500
43910081571007327500
43910082021017374400
42910082212017374400
44910082921017374400
43910083121017374400
44910083621017374400
42910083711017374400
43910083971017374400
43910084271017374400
44910084851017374400
44910085391017374400
44910085451017374400
41910085461017374400
44910085581017374400
42910085812017374400
43910085961017374400
41910086321017374400
44910086441017374400
41910087691017374400
42910088171015140655
42910088512015754496
41910089661007327500
43910091871009739058
42910092531017374400
42910092721015629305
42910092771017374400
44910093341017374400
43910093662017374400
44910093681017374400
43910094121014054541
44910094721017374400
43910094931017374400
44910095241017374400
43910095432014054541
44910095601017374400
44910095711017374400
41910096151017374400
43910096701009739058
42910097312017374400
44910097351017374400
44910097911017374400
44910098061017374400
42910098632022252915
41910098821018109220
43910099092017374400
41910099441016482770
44910099581018558630
43910099842017154456
44910100061017374400
45910101292017374400
42910101341017200422
45910101431017374400
45910101831017374400
41910101841017374400
41910101911017374400
44910102131017374400
45910102161017374400
44910102381015239384
44910102532017313473
43910103012007327500
43910103141012653500
42910103611017374400
42910103782018314060
43910103961017374400
43910104211017374400
44910104231017374400
43910104512017374400
42910104661017374400
43910104731017374400
44910104921017374400
44910105151017374400
44910105181017374400
44910105301017374400
44910105361017374400
44910106782017374400
43910107421017374400
44910107571020018255
41910108041017105463
42910108461017374400
44910108701017374400
42910109072018264331
44910109531017374400
42910109911017374400
41910110421017374400
42910110441022252915
44910110711017374400
42910111621018264331
45910112351017374400
44910112851017374400
43910114911008534548
41910114982007327500
41910115112007327500
42910115601019583836
43910115841017374400
44910116342020018255
44910116481017374400
44910116631017374400
43910116891017374400
43910117192014054541
43910117391017374400
44910117611017374400
42910118011017950969
43910118021017374400
43910118241017374400
43910118602014054541
44910119291017374400
43910120341017374400
42910120591016688983
44910121031017374400
44910121201017374400
41910121391017374400
41910121741013455216
42910122211017374400
41910122261013923615
43910122632017154456
43910122751022651061
42910123122015754496
44910124031017374400
41910124061017374400
45910124202017374400
41910124742017374400
44910125201015239384
43910125722007327500
43910125881012653500
41910126482017374400
42910126872015231907
42910127002020847248
43910127011017374400
42910127191018314060
44910127302017374400
43910127381017374400
43910127501017374400
43910127622017374400
43910127871017374400
44910128071017374400
44910128242021461700
44910128351017374400
44910129641017374400
43910129891022651061
44910130992017374400
44910131151017374400
44910131691017374400
41910132101017374400
44910132151017374400
44910132461017374400
44910133192017374400
42910133291017374400
41910133761017374400
42910133771022252915
44910134251017374400
45910135581017374400
44910135711018558630
45910136451017374400
43910137001007327500
42910137541017374400
42910138031017691331
43910138371017374400
44910138381017374400
44910138421017374400
43910139331017904334
43910140712019270572
41910141201017374400
42910141211017691331
44910141991017374400
42910142461020847248
43910142471017374400
44910142511017374400
41910142591017374400
41910142892017123107
44910143661017374400
44910143901017374400
44910144242017374400
41910144711017374400
44910144891016494517
42910145001015754496
44910145252017065578
41910145291017374400
42910145652015754496
42910145711017374400
43910145882017154456
42910146081017374400
43910146552017208915
41910146902008516065
44910147201019079757
44910147551018558630
43910148492007327500
43910148592017374400
43910148741017374400
44910149651017374400
44910150111017374400
43910150391017374400
43910150761017374400
43910150801017233074
44910150951016892924
43910151132015514710
42910151741017374400
44910152102017374400
43910152251017374400
44910152662017374400
44910153621017374400
41910153691017374400
42910153842014324444
42910153931017374400
44910154002016494517
44910154081017374400
41910154322017637929
44910154581017374400
41910154721017374400
42910155111019583836
44910155461016494517
42910155531015754496
42910155661017374400
42910156381017311315
42910156652017374400
44910156871017374400
45910157331017374400
41910157731017374400
41910157831017374400
43910157891017208915
41910157931017374400
41910158101017374400
41910158902007327500
43910159022007327500
43910159182007327500
42910159481020847248
43910159991017374400
44910160621017374400
44910161131017374400
43910161451017904334
44910161461017374400
43910161552017904334
44910161591017374400
42910162101017374400
44910162282017374400
44910162331019079757
43910163011017374400
44910163192017374400
42910163611017374400
44910164361017374400
42910164391017374400
41910164571017637929
42910164581016176138
44910165071016494517
42910165311017374400
42910165441016176138
44910165671014553280
42910165701017374400
43910165711017374400
44910166001017374400
44910166812018721588
41910167981017374400
41910169232017374400
41910169461017374400
43910170502007327500
43910171071017374400
44910171301017374400
43910171701017374400
43910171751017374400
43910171801007327500
44910172061017374400
43910172561017904334
43910172651017374400
43910172761017374400
44910172811017374400
44910172941017374400
44910173011017374400
43910173361017374400
44910173861017374400
44910173951017374400
42910174111017374400
43910174202018300000
44910174732017374400
41910174981014250897
44910175181017374400
41910175211017374400
41910175381017374400
44910175441017374400
44910175581017374400
42910175661017374400
44910176181017374400
44910176221017374400
41910176431016482770
43910176822019270572
43910177001017374400
42910177242018657234
44910177731017374400
44910178032017374400
42910178071017374400
44910178442014553280
44910178771017374400
42910179561018264331
44910180561017374400
41910181261017063016
43910181801007327500
43910181852007327500
44910182861017374400
43910182991017374400
44910183021017374400
44910183461017374400
43910184181017374400
44910184442018792395
42910185011017374400
44910185482017374400
43910185652019270572
42910185881019583836
44910186092019779630
42910186111017374400
42910186551019666716
41910187041017374400
42910187251017374400
42910187431020152174
42910187602016331354
44910188151017374400
41910188211015312410
42910188681014945652
42910189121015629305
44910189382015682195
44910189512017132282
44910190422018792395
41910190671017374400
44910191151017374400
42910191662015149875
44910192361017374400
42910192491019583836
42910193512006558895
43910194191017374400
42910194401016688983
44910194461017374400
43910194481017374400
44910194661017374400
42910194922016176138
42910195042016587806
42910195312018314060
42910195831017374400
43910196021017374400
43910196081007327500
43910196311020177978
44910197731017374400
44910198341017374400
42910198411017607383
43910198421017374400
41910198592018217521
41910199232018109220
43910199461017208915
44910199691016221557
42910200211016587806
41910200281017374400
41910200742017374400
43910200831015514710
43910201672017008581
44910201732016251773
41910202781017374400
42910202931018657234
41910203682017374400
44910204011018558630
42910205761017311315
42910205831019583836
43910206171017008581
44910206431017374400
43910206542017374400
44910206571017374400
42910206922017374400
43910206972017374400
43910207351017374400
44910207411023112024
44910207461017374400
43910207551017853593
42910207661019583836
43910207821017374400
44910207972017374400
44910208031016251773
42910209001017374400
43910209181017619255
43910210042017374400
43910210581017008581
41910211001017374400
42910211481017003949
41910211561017374400
42910211672019583836
42910214152020842740
42910215351017374400
44910215981017313473
44910216102023112024
44910216212017374400
41910216271017374400
41910216752007327500
42910216912007327500
43910216941007327500
43910216982007327500
42910217311017374400
42910217391015629305
44910217941017374400
43910217981017012313
44910218141017374400
42910218212019446248
44910218381017374400
43910218451017374400
43910218681017374400
44910218741017313473
43910218831017374400
44910219161017374400
44910219201016074336
44910219351017374400
43910219371017374400
44910219401017374400
42910219611017003949
43910219661017374400
44910219791017374400
44910220891017374400
41910220921017374400
43910221252017374400
44910222001014553280
43910222352017012313
42910222512015140655
41910222851017374400
43910223331017374400
41910223381017374400
42910223481017374400
42910223691015140655
41910224722017374400
41910224821017374400
41910225132007327500
44910225881019779630
44910226702016494517
44910227581017374400
44910227991017374400
42910229521017374400
43910230212017374400
42910230251017374400
44910230452018558630
44910230501017374400
43910230601017374400
42910230882017374400
43910230932017374400
44910231082017374400
44910231152017374400
43910231311017374400
44910231331017570454
43910231351017374400
43910231542017904334
44910231602017374400
43910231681007327500
43910231931017374400
44910232211017374400
42910232301017374400
42910232611017374400
44910232971017374400
44910233362017374400
43910233832017374400
41910234071017374400
41910234401017374400
42910234411015754496
44910234491017374400
42910234561017374400
44910234731017374400
43910234801017008581
41910235461017374400
42910236581017374400
42910236741017374400
41910236981017397189
44910237142016607882
44910237681016889184
42910237821017374400
45910237912017374400
41910237921017374400
42910238071015754496
42910238211020842740
41910238491017374400
42910239462017374400
42910239511017374400
44910239961017374400
43910240291007327500
44910242361017374400
44910242421017374400
44910242682015573161
42910242721017374400
43910242741017374400
44910242831017374400
43910242921017374400
44910243001023097867
44910243101017374400
43910243331017374400
43910243411017374400
42910243531022252915
43910243541017374400
43910244062017374400
42910244161017374400
44910244751017374400
42910244941020050681
44910244971017374400
44910245761016494517
44910245891017374400
41910246381017374400
42910246551019583836
41910246891017374400
42910247281015140655
42910247361017374400
44910247831020241005
41910248862007327500
42910249031017374400
44910249332016418325
44910249642023112024
41910249661017374400
45910250361017374400
43910250992017374400
43910251501016320124
44910251991017374400
43910252411017374400
43910252451017374400
43910253011017374400
42910253162017607383
44910253281017374400
43910253712014054541
42910254032019446248
43910254982014054541
43910255701017374400
44910255771017374400
43910256152017374400
44910256641017374400
44910256831017374400
44910257821017374400
41910257831013455216
42910257841014945652
44910258061017374400
44910258331017374400
41910258421017374400
41910258651013923615
43910258671015812840
44910258842017514118
43910258952017576503
41910259191017374400
44910259581017374400
44910260021017374400
41910260292021783026
44910261181017374400
45910261361017374400
42910261411017374400
43910262172007327500
44910263551014553280
43910263701017374400
43910263921017374400
43910263991015895935
43910264091017668481
43910264121017374400
44910264261017374400
43910264301017374400
44910264662015573161
44910264792017374400
43910265042007327500
43910265422017374400
44910265621017374400
42910265701015140655
44910265772019079757
44910265991017374400
42910266092016176138
42910266601017374400
44910266651016333177
43910267371017374400
42910267752017374400
44910267941017374400
44910268651017374400
44910268861017374400
44910270211017374400
42910270311015140655
44910270711016074336
43910270972017374400
41910272481017374400
42910272661016334373
43910273421007327500
42910274221017374400
42910274301017374400
42910274351017374400
43910274811017374400
44910275081017374400
44910275101017374400
43910275181017374400
43910275281017374400
43910275582018821747
44910275591017374400
44910275661017374400
43910275771017374400
44910275861017374400
43910276081017374400
44910276291017374400
43910276361017374400
42910276461017374400
43910276481017374400
43910276852019270572
43910277511017374400
44910277602017374400
41910278132017637929
44910278261017374400
42910278641017374400
41910278721017748773
44910279041017374400
44910279841017374400
42910279861015149875
42910280141017374400
42910280412017374400
41910280812017374400
42910281011018815435
44910281131017374400
42910281181017374400
43910281382017374400
41910281592017374400
45910281971017374400
43910282011017154456
42910282131017374400
43910283031017374400
43910283101017374400
41910283141017374400
43910284111017374400
44910284881017374400
42910285011017374400
43910285031017374400
42910285061017374400
44910285081017374400
44910285381017374400
42910285501017374400
44910285551017374400
43910285601020059202
44910285611017374400
44910285871017374400
44910286011017374400
44910286112017374400
42910287001017374400
44910287361017374400
44910287591017374400
41910287712020155896
42910287751017374400
43910287761017374400
42910288021017607383
44910288311015820903
43910288392017374400
41910288582017374400
42910288761017374400
42910288891021336923
44910289072017111661
42910289281017374400
41910289311017374400
41910289391017397189
44910289531017374400
42910290022015140655
42910290312019583836
42910290631017374400
42910290822015754496
44910290912020018255
42910291301019583836
43910291321017208915
44910291501017374400
42910291572017374400
45910292321017374400
43910292492017374400
41910293491017374400
44910293561022061959
42910293731016334373
42910295362015629305
42910295421017374400
44910296582017374400
43910296871017374400
43910297211020551552
43910297312015514710
43910297411017374400
44910297441017374400
42910297482015174393
44910297641017374400
42910297731017374400
44910297771017374400
42910298291017374400
44910298861017374400
42910298871017374400
44910298952017374400
43910299481017374400
42910299681017374400
44910300221017374400
44910300761017374400
44910301071017374400
42910301661017374400
42910302052017374400
41910303152017374400
45910303281017374400
41910303651017374400
44910303871018558630
42910304131020050681
42910304221022252915
44910304241017374400
43910304931017374400
42910305321017950969
42910306591013895254
44910307121017374400
42910307131007327500
44910307901017374400
43910308091015812840
43910308391017374400
42910309061022686840
44910309221017374400
42910310031020050681
44910310061017374400
44910310181017374400
42910310572018359092
43910312031017374400
43910312172019270572
44910312751018558630
42910313081017374400
42910313791017374400
41910314811017374400
45910314921017374400
41910315651017374400
43910316222007327500
43910316402007327500
42910316881017374400
42910317081017374400
43910317421017374400
42910317521017374400
44910317921017374400
42910318142017374400
43910318561017374400
44910318632017374400
43910318841017154456
43910319731017374400
42910320612022866759
44910320962019779630
44910321921017374400
44910322361017374400
43910322601017374400
42910323002017374400
43910323011017374400
42910323261016334373
42910323421017374400
42910323712013895254
44910324002015682195
41910324122014851938
41910324601017374400
44910324841017374400
44910324991019779630
45910325541017374400
41910325821007327500
44910326142017374400
42910327132019583836
43910327802007327500
41910328091007327500
42910328512014945652
42910328602017374400
42910328872017374400
43910328941017374400
43910329151017374400
43910329671017374400
44910329681017374400
44910329791017374400
44910330321017313473
43910330371017904334
42910330401017374400
43910330511017374400
44910330731017374400
43910330771017233074
44910330881017374400
42910331081017950969
43910331571017374400
44910331671017374400
43910332401017374400
44910332462021461700
41910332532017374400
42910332541017374400
44910333161017374400
42910333491017311315
42910333541015754496
44910333711017374400
41910334261017374400
43910334391020059202
42910334722017052846
44910334831013724878
42910336321019666716
42910336611018657234
44910337941017374400
42910341371017374400
42910341511017374400
44910342521017374400
43910342632022352566
44910342751017374400
44910342791017374400
43910343021017374400
43910343311017374400
44910344812016705895
43910344861017374400
42910345521017374400
44910346661017374400
41910347771017374400
41910347871017374400
42910348011017374400
41910348421017374400
43910348512018300000
41910348912021968454
44910349171017374400
44910349391017374400
41910349411017374400
42910349642021336923
43910350141017374400
42910350211019666716
44910350931019079757
42910351431019583836
44910351511017374400
42910353282017607383
43910353701017374400
44910353771015961275
43910353842017619255
42910353931017950969
44910354041017374400
43910354331017374400
43910354561017374400
42910354752017374400
43910355221017008581
44910355361017374400
42910355441020050681
42910355551017950969
44910355851017374400
44910356131017374400
43910356161017374400
42910356232016334373
44910356551017374400
43910356712017939261
41910356771017340346
41910358301017374400
42910358502017052846
42910358692016723845
44910358782016272654
41910358811017374400
43910358951020059202
43910359011017374400
41910360081017374400
44910360111017374400
41910360251017374400
41910361032021783026
42910361041018657234
41910361372017374400
41910361672017374400
42910362331016334373
42910363961017374400
44910365111017374400
43910365321017374400
44910365341017374400
42910365522017374400
43910365551017374400
44910365632017374400
44910365742017374400
44910365771017374400
43910366311017904334
43910366972017008581
43910367181017374400
43910367931017374400
44910367941017726690
41910368161017374400
43910368221017374400
44910368491013724878
44910368591017374400
42910368852019583836
43910368932012894572
41910369631017374400
43910370062015448973
44910370701017374400
41910371252017374400
41910371712017374400
41910374171017374400
44910374291017374400
42910375032007327500
43910375051007327500
43910375081007327500
42910375722017374400
44910376172017374400
44910376461017374400
44910376531017374400
44910376701017374400
44910377261017374400
43910377511017374400
42910377961017374400
44910379551016607882
44910379661017374400
42910379691015140655
41910380001017374400
42910380222020674151
44910380251017374400
42910380281017607383
41910380611017374400
42910380831017374400
42910381241015140655
42910381341017374400
42910381731019583836
41910382161017374400
43910382811017374400
42910382911017374400
44910383471017374400
41910384341017374400
43910384371017208915
42910384511016176138
43910384921009739058
42910385552015231907
43910385601017374400
42910385871018264331
42910385951019666716
44910386091017374400
44910386291017374400
42910386481017374400
43910386612017374400
43910387132014054541
43910387421017374400
42910388031014945652
43910388462014054541
43910389071017374400
44910389621017374400
44910389901017374400
44910390121017374400
44910391491017374400
41910391501013455216
44910391711019079757
41910392241020869533
44910392461017374400
43910392582017154456
41910392731017374400
44910392781020241005
45910393131019466903
41910393261017374400
44910393341017374400
44910393542018563966
41910394121017374400
45910394241017374400
43910394722013662419
41910394811017374400
43910395852007327500
42910396672019583836
43910396781017374400
43910397131017374400
44910397301017374400
43910397451017176703
43910397671017374400
44910397792017065578
44910397851017374400
44910398102015573161
43910398482007327500
44910398811017374400
44910398901017374400
42910398911017691331
44910398982017374400
44910399392017374400
43910400512017374400
44910400521017374400
44910400632017374400
42910401301017374400
44910401361017374400
44910401721017374400
41910401731017374400
41910401811017374400
41910402122017397189
44910402651017374400
42910403721020674151
44910403851017374400
43910404582017668481
44910404981017638938
41910405652017374400
42910405972017950969
44910408171017374400
44910408481017374400
43910408612015895935
43910408762019270572
43910408801017374400
43910408942017374400
43910409081017233074
44910409271017374400
43910409481017374400
43910409932017374400
44910410481017374400
43910410661017374400
44910410671017374400
42910411182017311315
44910411211017374400
41910411231023113571
42910411742019666716
42910411982017374400
41910412841017374400
41910414601014484978
41910414711017374400
42910414721019666716
42910414821019583836
44910414861017374400
42910415202018657234
43910415211017154456
42910415382017374400
41910416311007327500
45910416422017374400
43910416661017374400
42910416891017374400
43910417731007327500
43910417981017374400
42910418272022686840
42910418381017374400
42910418431017374400
43910418761017374400
44910418831017374400
44910419731017374400
43910419751017008581
44910420301017374400
44910421031017374400
43910421421017374400
41910421841017374400
43910421911017374400
41910422771017637929
44910423191017374400
42910423231017374400
41910423311017374400
41910423702021136771
44910423901017374400
42910423951017003949
43910424191019270572
44910424451017374400
42910424471019583836
44910425261023112024
42910425581019583836
43910425621019270572
41910425701017374400
41910425991017374400
42910426021017374400
41910426231017374400
42910426431017374400
44910426692017374400
45910426711017374400
41910427921017374400
43910428221014054541
41910428391025968329
43910429382007327500
43910429582007327500
42910429981017374400
43910430381017374400
43910430571017374400
42910430761017374400
44910430791017374400
43910431152017374400
43910431381007327500
43910431581017374400
43910431782017374400
44910431881017374400
43910431901017154456
43910432082020059202
44910432241017374400
43910432301017374400
42910432711017374400
43910432961017374400
42910433522017691331
44910433591017374400
44910433621017374400
41910434061018217521
43910435261022651061
44910435271017374400
41910435371017374400
42910435381017374400
42910435741017374400
44910435991017374400
44910436081016494517
41910436832014851938
42910437242020847248
43910437972017374400
42910438562017374400
42910438991015629305
42910439072017374400
41910439131017374400
42910439151020050681
42910440422017374400
42910440572020844307
43910441521007327500
41910441652007327500
43910441891007327500
42910442412020847248
44910442631017374400
44910443211017374400
43910443881018821747
44910443971017374400
44910444031017374400
44910444741017374400
43910444751017374400
42910444931017374400
44910444961017374400
43910445081017374400
42910445121017374400
43910445291017374400
42910445451017374400
44910445801017374400
41910446301017374400
44910446411017374400
42910446681017374400
43910446782017374400
41910447321017374400
44910447351017374400
43910447802013662419
42910447871018452931
43910448042017374400
41910448251017374400
42910448401017374400
44910448891017374400
41910449341017374400
44910450102016221557
45910450311014035912
41910451111017374400
41910451151017374400
44910451721017374400
