44930001601017374400
43930001671017374400
43930002592020153221
43930005652017374400
43930006472017374400
41930008131017374400
45930010081017374400
42930010781017374400
43930010881020614674
43930013042015408819
42930015182016271368
42930016561017374400
42930016721017374400
41930016931012619040
42930017911017374400
43930019812015933165
44930020002018573042
44930020101017374400
42930020542017374400
43930022651017374400
42930024701018932015
43930026092015426722
43930027081017423450
43930027861021586396
42930028312017567850
42930028492017374400
43930028711015665513
44930029511017358755
42930029681017374400
42930029812017374400
44930030862017374400
43930031762017374400
42930032412017374400
43930032782017433138
42930033472015704849
41930033741017374400
42930034851017374400
44930037021017374400
44930037142017374400
43930037971016112761
44930039112017374400
43930039172017423450
42930040361016271368
42930040461019454039
43930040601020614674
42930042051016346235
42930042292019454039
42930043751014877967
43930044041014588915
43930044191014588915
42930044841017374400
43930046881017374400
42930047181017374400
43930048251020153221
43930048602020614674
42930048681017374400
44930050371016244761
42930051402007327500
44930051782015890869
43930052091017423450
41930052221022504945
42930052821018196131
42930052961017374400
43930053201013259943
42930056002017374400
43930056611017374400
43930056781017374400
42930056941017374400
42930058331019843526
42930060082017374400
43930062761017374400
42930063961017374400
43930064781017578499
41930065911017374400
45930067551017374400
43930067852016693001
43930069241017374400
43930070302008497743
44930070442017374400
42930070722017374400
43930070901017374400
43930071561014744443
42930072141019509411
44930072552022622030
42930075041017374400
41930075132022431618
42930075392016956670
42930077992007327500
42930080181017374400
43930080362018113093
43930081202001374250
41930081731017374400
42930082202017374400
43930082861017374400
43930083582017374400
43930085681018228705
42930085762017374400
41930085981017374400
42930086561017374400
42930086711020983369
42930088261017374400
43930088771022641191
42930089281017374400
42930089781017374400
45930090251020065044
42930090271019413023
45930091281017374400
42930093041016271368
42930093071017374400
43930095402014744443
42930096561017374400
42930097302017374400
43930097541017374400
43930099301017374400
42930099502016792749
43930099832017433138
44930100251017374400
43930100761020815996
45930101282017374400
43930101351015547622
42930101921017374400
42930102061017374400
42930102331017374400
41930102571014568715
42930102581017374400
41930103521017374400
42930103881017374400
43930104681017578499
42930106422018196131
43930107121017211348
42930107881017374400
41930109021019406433
42930109062017374400
45930111171017374400
42930112301019413023
41930112592001374250
45930113001018360285
44930113381016794126
43930115241007327500
44930116332017374400
43930117182014744443
42930117751018196131
44930118172017374400
43930118592014744443
42930119801017374400
42930119931017374400
42930119941017374400
43930119961008071995
42930120681017374400
42930121582016956753
41930121881017374400
43930122081017374400
41930122121017374400
42930122312014993713
43930122612017433138
45930124172017374400
45930124652017374400
41930124712017374400
41930125311014568715
42930125321017374400
42930126071007883733
42930126992022383511
44930127292017374400
43930127811015609422
44930129431017374400
44930130381017374400
42930131191017374400
41930131441022573661
44930133152017374400
44930133751017374400
42930134291017374400
45930134561017374400
45930134731017374400
45930134971017813178
42930136541017218386
43930138861015408819
42930141771017374400
41930142102018009175
44930142191016594086
42930142351017227149
42930144861019509411
44930145242018585733
42930145642015396139
45930145791017374400
43930146542017423450
45930146731017374400
41930146882009163870
42930147402020175290
43930149622015408819
42930149771018932015
42930150471017785029
42930150582015396139
44930150771018633195
43930150932017578499
43930151122015263253
44930151511017374400
43930151971017374400
42930152271016114965
41930152992014497482
42930153701017374400
41930154312017644270
41930155281017374400
44930156021021246075
42930156721017374400
43930156772017374400
42930157121017374400
42930159531017218386
43930159831015665513
42930160051019974434
43930161112017374400
43930161212015408819
43930161512017578499
43930161891019874562
42930161971013930968
44930162272017374400
42930162371017374400
44930163182017374400
43930163641019874562
41930163671017374400
42930163982017374400
43930164161017578499
43930164351022641191
44930165391017374400
42930166281017374400
44930166772018633195
43930167032017374400
44930167621017374400
43930167782018803915
45930169451017374400
43930171401017374400
44930171681017374400
43930172882017374400
43930174182018228705
42930175412019454039
43930175431017374400
43930175531016112761
43930176661017374400
42930177212019454039
44930177502022622030
42930178741018932015
43930179461014588915
43930179601017578499
45930179771017726609
44930180041017374400
43930181842007327500
43930183522017374400
43930184131019874562
44930184412017747736
44930184931022622030
44930185462017374400
44930186052020006785
42930186952007327500
44930187492017113395
42930188661017374400
44930189362016507677
44930190392017747736
45930190771017374400
42930191302018304538
42930191472017227149
42930191652017374400
43930192321017374400
42930192551017374400
42930194041020983369
42930195292017510421
42930195771017374400
41930198582017870635
42930198701017374400
44930199061017358755
41930199212017485734
42930199961017374400
42930200341014877967
43930200631017578499
41930200722017374400
41930201462017374400
44930201712016119787
41930201771017374400
42930201951017374400
42930202641018080041
45930203351017374400
42930203471017374400
43930205371008711000
43930207681007327500
44930207952017374400
41930209561017870635
42930209831017374400
42930211642018932015
44930212041017480632
43930212831017053403
42930213112007327500
44930213431017374400
45930213981019238073
43930214282018470050
41930215541014568715
43930215962018113093
44930216082022622030
42930217541014993713
44930217802017726378
42930218202019413023
43930218221017374400
43930218291020739755
43930218562017374400
42930219551017374400
43930221131017423450
42930221181017374400
41930222082021792735
42930222271017374400
42930222682017374400
42930223031017286971
43930224131014744443
41930224161014944700
41930224361017374400
41930224712017374400
45930224972018360285
42930225172019509411
42930225381016271368
42930225931020983369
43930225941018352628
44930226692015720420
45930228231013748919
42930228922001374250
43930229191007862041
44930230422018589522
43930230481014744443
43930232072017374400
42930233401017374400
41930235241022504945
44930236341015890869
44930237122016794126
43930237221017053403
43930239762017433138
42930241261018304538
44930241482017519760
43930242091017374400
44930242642014453675
42930242771013546419
43930244791017374400
43930244961017423450
42930245071017374400
41930245802017579280
42930245931019509411
43930246061017211348
42930246241017374400
43930246811017374400
43930246871017374400
42930247501017374400
43930247651022641191
41930247692014203469
42930247801016956753
44930248081017374400
45930248731017374400
44930249612022622030
42930249681020983369
43930250341014371505
42930252441018304538
43930252491017374400
42930253142017286971
43930253702014744443
42930254012019413023
43930254952014744443
42930255931017374400
43930256132017374400
42930256301017374400
42930257411017567850
43930257591017374400
43930258401020153221
42930258521018304538
44930258832017726378
41930258881017374400
43930258942018686440
43930259151018228705
44930259161016612203
41930260282022504945
45930260511017374400
41930261661014568715
43930264051017374400
44930264652014453675
42930265081019843526
43930265412017374400
44930265762019625095
42930266072016114965
43930266101017578499
41930267581017374400
43930267921017374400
42930270501017374400
44930270631016594086
45930272361017374400
44930272871018589522
42930274022017374400
43930275572019874562
43930277791017374400
41930277952017579280
42930278311017227149
41930278602017644270
42930279101017374400
41930280061017374400
41930280572016876211
43930281372017374400
44930282041017374400
43930282501017374400
43930282601017374400
43930284752015408819
44930284841016794126
42930284891018932015
42930285361017567850
42930285461017374400
44930285761017747736
44930286862015890869
41930287682019395523
41930287781014944700
42930288461017374400
42930288821017374400
41930289171017374400
41930289501017374400
42930289992014877967
44930290231017374400
42930290792015396139
44930291271016244761
42930291671017821078
43930292911017374400
42930295342016271368
42930295891017227149
42930296001019974434
43930297102016832331
43930297282015263253
42930297472014116887
44930297531020400890
42930299052017374400
43930299291017578499
43930300011016817405
43930300211022641191
42930300321019509411
44930301261017374400
42930301281018196131
43930302632017374400
44930303271017374400
43930303342018813201
42930304012017374400
45930304541017374400
45930305411017374400
43930307501017374400
42930307661017567850
42930309711018196131
43930310901018803915
42930311031019966658
43930311781017374400
43930314141016979699
43930314211022195845
42930314841017374400
41930315011014544841
44930315051017374400
42930317042022383511
43930317831016700641
43930317961016700641
43930318521017578499
44930319601017480632
42930319631017374400
44930319961013347542
42930320592023377255
44930320942020006785
42930321822007327500
44930322262015890869
42930323682013930968
44930323992016507677
41930324082015047580
44930326082017374400
42930326321018304538
45930326881017374400
43930326961017374400
42930327092018932015
42930328162007327500
42930328502014775640
42930328541019843526
42930328722017374400
42930328842013930968
41930332512017374400
42930332621017374400
43930332701017374400
42930333691017374400
42930333812017374400
42930334031017374400
43930334241017578499
43930334311017423450
42930334702016758266
44930334981017374400
41930335251017374400
41930335521017374400
45930337071018360285
42930337921017374400
45930338551018360285
41930338821014544841
42930339201017374400
44930339231017374400
45930339921020105339
43930342452020739755
44930343241017628502
42930343631016114965
42930344192017374400
44930344251017374400
44930345481020006785
42930346272019509411
43930346341018113093
42930346452007883733
42930348561015396139
41930348872021846160
42930350421019509411
43930351271017374400
43930353231017374400
42930353272017286971
43930354501017374400
42930354742017374400
44930355581017374400
42930356212016346235
43930356702018470050
41930356861022573661
42930356871017374400
42930358341016868939
42930358492016758266
43930358701017578499
44930358772017019487
44930359391017374400
41930359701017374400
43930362451017374400
43930363631007862041
44930366661019625095
44930368121017374400
42930368552017374400
41930368711021792735
43930368922017374400
43930370052015426722
43930370151017374400
42930371042017374400
41930371242017374400
43930371351017053403
42930371791022383511
44930372141019715273
43930373711017374400
42930375511017227149
42930375712017374400
42930376081017374400
42930376181017374400
43930376391017374400
43930378851018803915
42930378951017374400
41930379592021792735
42930379611017374400
42930380202020140532
44930380881017374400
42930381511017374400
43930381681018113093
42930383192017374400
42930383271020983369
43930383741017433138
44930386061017374400
43930387122014744443
44930387871017374400
44930388161017374400
43930388452014744443
43930388981017423450
44930389351019625095
42930389641017374400
44930389701017374400
42930391452016114965
44930391681018589522
43930392041017374400
41930392481017374400
43930392572017433138
42930393271017374400
42930393681019843526
43930394281015933165
42930394371017374400
43930394712014371505
42930396391017374400
42930396662018932015
44930397782017374400
43930398312016832331
42930399821017374400
42930400781017374400
43930401241017374400
41930402092017335064
44930403651017374400
45930404821018723623
42930406711001374250
43930408592015665513
43930408742020153221
42930408791017374400
42930409451014913552
44930410231017374400
42930410931017374400
42930411172017227149
44930411801017374400
42930411972018304538
42930412431017374400
43930413251017374400
42930414001016271368
42930414502020983369
45930414871017374400
42930415192019454039
42930415362017374400
45930416161017374400
45930416271017374400
45930416412017374400
45930416562017374400
42930418141015396139
42930418262017374400
43930418682020739755
42930418841014877967
44930419481017374400
42930419541018080041
43930419611007327500
44930419991017374400
42930420271017374400
43930420551017374400
42930421082017374400
42930422101017374400
42930422251017374400
42930422701017374400
42930423571020140532
41930423692019278758
45930428381017374400
43930431031017374400
43930431752017578499
43930432052020614674
42930432831018932015
43930433531017374400
43930434191018686440
41930434761017374400
42930434841017374400
43930435141015665513
42930435561015704849
42930437232017374400
43930437962017374400
45930438071017374400
43930438602020614674
42930440412017374400
42930440562020378536
41930441202001374250
42930442081017374400
42930442382022383511
42930444611017374400
42930445771017374400
43930446341018803915
42930446631017374400
44930447911017374400
44930448051020006785
44930448821017337245
41930449331017374400
43930449531014588915
43930449631017578499
44930450072015890869
41930450401017374400
45930450681017374400
41930451911022573661
44930451991017374400
45930452001017374400
44930452121018573042
