44960001601016732202
44960001991016754512
44960002121017374400
43960004231017374400
44960007501017374400
43960007611017374400
42960009531021964228
41960010452006716781
42960012361017374400
43960013601017374400
44960015901017374400
43960016731017553616
42960017831017374400
44960019451017374400
44960020101018660293
42960021211017374400
42960021351017374400
43960021391017374400
41960021651021743573
43960022041015233639
43960022291017374400
42960023902017423600
42960024391017374400
43960024631017374400
42960024701019406555
44960024761017374400
43960025021004710570
44960025231017374400
43960026591017374400
44960027511017374400
41960027641017374400
43960028921017374400
44960029391017374400
42960029891017374400
42960033452016741255
41960033741017374400
43960034261017553616
42960034311017808589
43960036341017374400
43960037971015975723
43960038321017374400
42960040361015769555
42960040461017374400
42960042051015989447
42960042941017374400
42960043071017374400
42960043751015573638
43960044041015091147
43960044191015091147
42960047121017374400
43960047721017374400
43960048251020555075
42960048491018162738
43960048501017374400
44960048701019452851
43960048751017374400
42960049302017374400
44960049581015964872
44960049811018595064
42960053481017374400
43960054071017374400
42960054971017374400
43960056021017374400
43960056951017374400
42960057812004449469
42960058331020330192
42960059902017374400
42960059981018162738
43960064991021387877
44960065001019661728
42960065712017374400
43960065741017043798
43960066062017553616
43960067842017205118
41960068771017374400
43960068841020555075
43960068901017374400
44960070422017423600
42960070801021964228
42960072651017374400
43960072991017374400
44960073501015824517
43960073841017374400
42960074262017374400
42960075041020357427
41960075092022005848
43960075811017374400
42960076701017374400
43960077811017374400
41960079121005240540
43960079191017374400
42960079741017374400
42960079851017374400
42960080972001215816
42960082041018162738
42960082192017374400
43960082861019252258
42960083192017374400
41960085401017374400
43960085681018913019
42960086342017374400
42960086711020357427
43960087151017205118
42960087462017374400
41960087942017856053
42960088492015560043
45960090251017374400
42960091541019406555
42960092531017374400
42960092721015769555
42960093041017374400
44960093231017374400
43960093261017374400
44960093341017374400
43960094121013954065
43960095382013954065
41960096011017374400
42960096901017374400
44960098041017374400
43960098941017742233
41960098971017374400
43960099301020555075
41960099441017374400
44960099641017870570
43960099792017606057
42960100131019183190
42960100541015573638
42960100721015082770
41960100991017374400
42960101341017942601
43960101781015233639
43960102491017374400
42960103711017374400
43960104211017374400
43960104681017374400
43960104911017374400
43960105081005231439
44960105151017374400
43960105381005240540
43960105452006060829
44960106501017374400
43960107121016829205
44960107571019758492
44960108401017374400
42960108461018162738
42960109052018162738
44960109251017374400
43960110311017374400
44960110451017374400
41960113192017423600
42960113361021964228
44960113751018595064
41960114111023282406
44960114361017870570
42960115601017374400
42960115721018162738
43960116361017374400
43960117172013954065
44960117281018195366
42960117751018547487
43960118582013954065
42960118711017374400
42960120591017484236
43960122041017374400
43960122081019857783
42960122211017374400
41960122261017374400
43960122582017606057
44960122761017374400
42960123082015560043
42960123371015573638
45960123471017374400
42960123521018131418
41960124871017374400
43960125261017374400
42960126212017423600
42960126982021964228
44960127222016679900
43960127381017374400
43960127811017374400
43960128301004794896
43960128341016261713
44960128731017325144
43960128832005855227
43960129891022656427
43960132211017374400
44960133142017374400
43960133711015789804
44960134101017148869
42960134291017374400
42960137392017423600
42960138031017688436
41960141201017374400
42960141211017374400
44960142191016754512
42960142211017374400
42960143021019406555
42960144861019183190
42960145622015560043
42960146221017374400
44960146431017374400
44960147201017374400
42960149081023095320
42960149771019406555
44960149971017374400
43960150011017374400
42960150471017808589
43960150761017374400
44960150771017374400
43960152471017374400
41960152891014679820
43960153611017374400
42960154031018536436
42960154131017688436
41960154302017451675
44960155061018595064
42960157121017374400
41960157341012943586
43960157891017374400
43960158001017606057
42960158111013961446
42960159101004434410
42960159222017423600
42960159481021964228
42960159531016975352
42960159741017278550
42960160051020524565
43960160061017374400
43960160471018264223
43960162071017374400
42960162161019811474
43960162381017374400
44960163162017374400
41960163571023282406
43960164351022656427
42960165791017374400
44960166191017374400
44960166752018660293
44960168201017374400
42960169281017808589
42960170961017374400
44960171501016754512
43960173111017374400
44960173341018595064
43960173521017374400
43960174172018913019
41960174891017374400
42960175402017374400
44960176181017374400
44960177632019661728
42960178071017374400
43960178171017374400
42960179131017864869
43960179601017742233
43960180011017374400
42960181081021779807
42960182901018162738
43960184131019857783
43960184221017374400
43960184471017374400
42960185011017278550
43960185141017374400
44960185151016388423
43960185612017374400
42960185671017374400
42960187431019870335
43960188261017374400
42960188681017374400
43960189891017374400
44960190372018292295
42960193342004449469
42960194161017374400
44960194451017374400
42960195012017374400
42960195771015984635
43960195791024269918
44960199061016892858
42960199671019183190
44960199691016272200
42960199731020357427
43960199921017374400
43960200831015789804
42960200881015984635
43960201341020200831
42960202861017374400
42960203391016681041
43960203421017374400
43960204121017374400
43960204241017374400
45960204271017374400
42960205761017374400
44960207942017374400
44960210271017374400
42960211481016975352
41960211561014946831
42960211582019406555
44960212041017325144
43960212141017374400
44960212281015964872
41960212701017374400
42960213911015560043
45960213981019374519
43960214871017374400
42960215371017374400
42960215471017374400
42960217191017688436
42960217391017374400
42960217492017374400
42960217541015520927
43960218291021570852
44960218381017374400
44960218741017374400
42960219611016975352
41960220811017374400
42960220821017374400
43960221131017553616
44960221781016679900
43960222771017416135
42960223102017374400
42960223481017374400
41960223581023282406
43960224131013954065
41960224672017374400
42960225381015769555
43960226221017374400
43960226451017553616
44960226682015824517
42960227021019406555
42960229711017374400
43960230722017374400
42960234771019406555
41960235241021743573
44960236341016272200
42960237931017374400
42960238071015560043
42960238211020524565
43960238231017374400
42960239191017374400
42960239301017374400
42960239511017374400
43960239742017606057
41960239981017374400
42960241261018162738
42960241531017374400
43960242091020555075
42960242771014826231
43960244961017553616
42960245931019183190
42960246032017374400
43960246061016829205
43960246311015233639
41960246381017374400
42960246551019406555
43960246951017553616
41960247111014946831
41960247441017374400
44960247831021283486
42960248501017374400
42960248881015573638
44960249312017374400
43960252491017374400
42960252891017374400
43960253011017374400
43960253692013954065
43960254932013954065
42960255081017374400
44960257391015964872
43960257521017374400
42960257642017765423
43960258041017374400
41960258101017374400
43960258401020555075
41960258651017374400
41960258881014946831
43960258922018886412
43960259151018913019
41960259191017374400
43960259221017374400
42960259551015560043
42960259831015573638
43960260311015258791
43960261591017374400
42960262722017423600
42960263161017374400
44960263551014848879
43960263701017374400
43960263991017374400
43960264461004710570
43960265012005855227
42960265081020330192
44960265621019990532
42960265701015573638
44960265732019470712
44960266651016749201
41960267781017374400
44960267941017374400
42960268291017374400
41960268891015112681
44960269351016679900
43960270201017374400
41960272191017374400
43960273562005855227
43960276481017374400
42960277871017484236
41960278102017451675
42960278311017864869
43960278471017374400
42960278641021964228
41960279791017374400
44960279841017374400
43960280021017374400
42960281771017374400
43960282841017374400
43960283031016883326
42960284891019406555
42960285361017688436
43960285541017374400
44960285761018292295
41960287781015112681
42960288021017278550
42960288891020357427
43960289371017374400
42960289962015573638
44960291271016593615
43960291481017374400
42960291671017484236
42960292431015573638
42960292681017374400
41960292951021743573
42960295322015769555
42960296001020524565
43960296011017374400
43960296321017374400
43960296481017742233
44960296811017374400
42960297462014671183
44960297531019758492
43960297691017374400
42960298161017374400
42960298381017374400
44960298861017374400
43960300211022656427
42960300321019183190
43960301291017374400
43960301691017374400
42960301881017374400
42960304131020330192
43960304331017374400
42960305321017808589
45960305411018623690
43960306341004655750
42960306871017374400
43960307461017374400
43960307671017374400
43960308751017374400
42960309061023095320
43960309721017374400
42960309771017374400
42960310732017374400
42960311031019870335
42960311281017374400
42960313081017374400
44960313241017374400
43960313501017374400
43960314141016693792
43960314211022009687
43960316662017423600
43960318521017742233
44960318531018355612
43960318731017374400
44960319601017325144
42960320582022716742
41960322561017374400
42960323371015984635
42960326901013961446
42960328122004449469
42960328611017374400
42960328712017374400
42960328832013961446
43960329281017374400
44960330321017325144
43960330371017742233
42960330801017374400
43960333231017374400
42960333931017374400
41960334261017374400
43960334311017553616
43960334391021387877
43960335101017138330
42960336551017374400
44960337011018355612
43960337931017374400
43960337991017374400
42960338631021964228
42960338931015917368
42960339111017374400
43960339181018913019
41960339472017423600
45960339921019461368
43960341142017423600
42960341241017374400
43960341691017374400
44960341732017374400
42960343631015984635
42960343731017374400
42960344092017374400
41960345421018353102
43960345702020200831
42960345871015082770
43960345911017374400
43960346631017374400
44960347181017374400
41960347561017122353
42960348201019406555
43960348211017374400
44960349171017374400
43960349251017374400
42960350421019183190
42960351431017374400
42960352432005207815
42960353571018162738
44960353771015964872
42960354551018547487
44960355431016754512
42960355441017374400
43960356692018695562
43960357531019821997
44960358752016682329
43960358951021387877
42960359001017374400
43960359611020200831
43960359802017374400
42960360931017374400
43960361191015233639
44960361261017870570
42960361391015573638
41960362011017374400
43960362111017374400
43960362191017374400
45960362271018432573
42960362331015989447
43960362451019821997
44960364451017374400
42960364921017688436
42960365822017374400
42960366071015989447
43960366451005231439
44960366661019470712
42960367601016975352
44960367941017374400
42960368532017374400
43960368761017374400
43960370042017374400
42960370141017688436
42960371791021964228
42960372391018131418
43960372971017374400
42960373401017374400
42960373521017374400
42960375251017374400
42960375511017864869
42960375611015520927
42960375702017374400
44960375831018931032
44960376301018292295
43960376391017178490
42960377501017374400
43960378851018957118
42960379862017374400
42960380031017374400
43960380301015233639
43960380851017553616
41960381021017856053
42960381341017374400
42960381511017374400
43960381681018751379
42960381731019406555
44960382151017374400
42960382801015560043
45960383421017374400
43960383741017606057
42960384351017374400
43960385761017374400
42960385871018162738
43960386081017374400
43960387112013954065
43960388001017553616
43960388422013954065
43960388981017553616
44960389351019470712
43960390441017374400
44960390871014848879
43960392041016883326
41960392241017374400
41960392481017706186
43960392562017606057
44960392781021283486
45960393131017374400
42960393401019406555
42960393681020330192
41960394641017374400
45960395091021288885
43960397051014773296
43960397131017374400
43960397831004710570
43960398452004794896
42960398911017688436
44960399491017374400
42960399501017374400
43960399591017374400
42960399611017374400
42960400051017374400
42960400701017374400
43960401161017374400
41960402082017374400
43960402161013954065
43960403021017374400
43960403561017374400
44960403731017374400
43960404041017374400
43960404591017374400
42960405162017374400
42960405301017374400
41960405361017374400
42960405561017374400
43960405571017374400
43960408702020555075
42960414001017374400
42960414821019406555
42960415182019617240
41960416171007180661
43960416661015233639
43960418521017374400
42960418841015573638
43960419091017374400
42960419541018131418
42960419711017278550
43960419721017374400
42960422101017374400
44960422751017374400
43960422891017374400
44960422901017374400
42960425451017374400
44960425691017374400
43960425821017374400
42960426611019183190
45960426711015035761
42960426941015520927
42960427061017374400
41960427531024464813
43960428101017374400
43960428221013954065
45960428471017374400
42960429461005207815
42960429682017423600
42960429971017374400
43960431031017742233
44960431161016749201
43960432631017374400
42960432831019406555
44960433621017374400
42960433811017374400
41960434061017374400
41960434241017374400
42960434841017374400
43960435261017374400
42960435381017374400
42960435561016741255
43960435971017374400
41960436782015117297
42960437202021964228
43960437262015091147
42960438101018162738
44960438471017374400
44960439101017374400
42960439151020330192
42960439981019811474
42960440221016975352
44960440611017374400
42960440802005240540
43960444131017374400
43960444751017374400
42960444771017374400
42960445281017374400
41960445631017856053
43960446171017374400
42960446541018227931
42960447671017374400
42960447871017374400
42960448401017374400
44960448551017374400
44960448821018559382
41960449341017374400
43960449531015091147
43960449631017742233
44960450062016272200
43960450191017374400
43960450281017374400
45960450681019374519
44960451411014848879
44960451481019452851
42960451491019406555
45960452001018266115
43960452021017138330
42960452051015989447
44960452151016679900
