41990216271017374400
41990147521017374400
41990283141017374400
41990416871017374400
41990315651021333280
41990181261017374400
41990384261017374400
41990125131016668024
41990261381016668024
41990272381017374400
41990215541014385986
41990090961017374400
41990101841017374400
41990124692017374400
41990146822021517285
41990282661017058566
41990450401017181782
41990021651021517285
41990157341013577339
41990292951021517285
41990427531024065263
41990021441017374400
41990157211017374400
41990292811017374400
41990427201017374400
41990044671017374400
41990203381017374400
41990373121017374400
41990238791017374400
41990373011017374400
41990260262021517285
41990394071020308145
41990123871017374400
41990021111017374400
41990111261017374400
41990156711017374400
41990167881017374400
41990100701003543760
41990271021017374400
41990043841017374400
41990313971017374400
41990043831017374400
41990009032024065263
41990392731017374400
41990258881014552402
41990392481017352895
41990291091017374400
41990270151017374400
41990077771017374400
41990133621017374400
41990301911017374400
41990381411014552402
41990312851019247593
41990077411017374400
41990236731017374400
41990370771017374400
41990257882017660747
41990030691019247593
41990436742014942891
41990087691017374400
41990121511017181782
41990235921017374400
41990109021020308145
41990132481014397069
41990052312017374400
41990188081017374400
41990211351017374400
41990064471017374400
41990076401017374400
41990143001017374400
41990018151014552402
41990006871017181782
41990423662019769361
41990064181017374400
41990333741017374400
41990154101017374400
41990235241021517285
41990210911017374400
41990235072017374400
41990164571019047989
41990040731017374400
41990446422013577339
41990006061017374400
41990278072019047989
41990411451017374400
41990153542017374400
41990075072022032014
41990210211017374400
41990062621017751903
41990233851017374400
41990085531015716926
41990141201017374400
41990287781014600288
41990163571022342423
41990434061017751903
41990445511017374400
41990039661017374400
41990174541017374400
41990433801017374400
41990119201017374400
41990266591017374400
41990092351017423600
41990103421017423600
41990126181017423600
41990251381003543760
41990315831003543760
42990272911017374400
42990305321018123670
42990440542017374400
42990327052018344112
42990216031017374400
42990192251020184180
42990395142017374400
42990157942018123670
42990192111017374400
42990204211017374400
42990439981017374400
42990215651017374400
42990239511017374400
42990260901017374400
42990405301017374400
42990079711017374400
42990239181017374400
42990383532018123670
42990304221023487544
42990326391017189260
42990203471017374400
42990337191017374400
42990361522017374400
42990226151017374400
42990271701019822760
42990439151019888035
42990101341017009403
42990260541017707537
42990394271016943526
42990033422017493095
42990168272017374400
42990303992017374400
42990439022017374400
42990044521017374400
42990326001020811494
42990350211019055961
42990373071017374400
42990292431016748047
42990271322017374400
42990271301016724695
42990260121017374400
42990089821017374400
42990100721014276809
42990123521017916961
42990393681019888035
42990281771016748047
42990449521017374400
42990067381017374400
42990336511018344112
42990214022023335254
42990238211023335254
42990020741017374400
42990202641017916961
42990213911015391410
42990238071015391410
42990372391017916961
42990100381019822760
42990123251015114896
42990393271016748047
42990145421021249613
42990291671016951029
42990313791017374400
42990449221017374400
42990179131016943526
42990123062015391410
42990438101018043024
42990213481017374400
42990122871019055961
42990110691017374400
42990133981017374400
42990270521017374400
42990403931017374400
42990291301017374400
42990122741017374400
42990392751014276809
42990066591017374400
42990201991017374400
42990270311017374400
42990403721017374400
42990155951017374400
42990291131017374400
42990043231003131058
42990178591004135410
42990313361003121172
42990448661003121172
42990371551017374400
42990099611017374400
42990359902017374400
42990381731018344112
42990201621023049185
42990237201017374400
42990122211017374400
42990290772015391410
42990302161017374400
42990437361017374400
42990236991017374400
42990236902017374400
42990008051016637688
42990144441016637688
42990280421016637688
42990008031019907675
42990144322017374400
42990177762017374400
42990323642013915756
42990247361017374400
42990155211017374400
42990165791017374400
42990188821015089877
42990348201018344112
42990201032019888035
42990201021015391410
42990247122018938362
42990279981017374400
42990042252020176954
42990177192020176954
42990447991017189260
42990323371017374400
42990334531014262977
42990257791016123872
42990030561017374400
42990176951017374400
42990312331017374400
42990007411017374400
42990312101019097098
42990064901017374400
42990200771017374400
42990334291017374400
42990358821017374400
42990121521017374400
42990412801017374400
42990412791017374400
42990165371017668585
42990301201020184180
42990391042017374400
42990087432017374400
42990402141017374400
42990436151017374400
42990200341016748047
42990358472017189260
42990246551018344112
42990007021017374400
42990322691017374400
42990200211017668585
42990358341017707537
42990412351017374400
42990018012017374400
42990423721017374400
42990187861017374400
42990087141017374400
42990311562017374400
42990380162019592675
42990017911018344112
42990017901017374400
42990447021017374400
42990357901017374400
42990142531017374400
42990278641021249613
42990411932018043024
42990187431017374400
42990322161017374400
42990333541017374400
42990357831020811494
42990108461018043024
42990268291017374400
42990164581016123872
42990300441017374400
42990435561017374400
42990187371017374400
42990199731020811494
42990357771014893346
42990086711017374400
42990222271017374400
42990006411019055961
42990153802014262977
42990288891020811494
42990245931019055961
42990401221017374400
42990278311016943526
42990164441019055961
42990300321019055961
42990435381015391410
42990175661014893346
42990446541019822760
42990075322017374400
42990114121017374400
42990114521017374400
42990017351020811494
42990040461017374400
42990175392017374400
42990310722017374400
42990256451016943526
42990107981003543760
42990277871016951029
42990411142017374400
42990451491018344112
42990234411015391410
42990221631017374400
42990410931017374400
42990153171020811494
42990332831017374400
42990356941017374400
42990338931015089877
42990445701017374400
42990096411017374400
42990389571017374400
42990130651017374400
42990267001017374400
42990410641017374400
42990310141017374400
42990141211017374400
42990310031017374400
42990074252017374400
42990096271017374400
42990096161017374400
42990266682017374400
42990400051017374400
42990163391017374400
42990220751017374400
42990244621017374400
42990378491017374400
42990255611017374400
42990266601017374400
42990039571016331048
42990073941017374400
42990232991017374400
42990085051017374400
42990255321017374400
42990130181017374400
42990015881017374400
42990152331017374400
42990298821017374400
42990309711019097098
42990356182016331048
42990061921017374400
42990356141017374400
42990130131017374400
42990399611017374400
42990152271017374400
42990039401017374400
42990174111017374400
42990445111017374400
42990320161017374400
42990344831017374400
42990266201017374400
42990185202019097098
42990298591017374400
42990049691017374400
42990061771017374400
42990377961017374400
42990266042016123872
42990004011017374400
42990276461017374400
42990355941017374400
42990367091017374400
42990388471017374400
42990399431017374400
42990409781017374400
42990185101017374400
42990073581017374400
42990095301017374400
42990129721017374400
42990444861017374400
42990355781017374400
42990444811017374400
42990185011018179944
42990265701016748047
42990377551017374400
42990276241017374400
42990298111017374400
42990432941017374400
42990286451017374400
42990038561017374400
42990309061017447607
42990084251017374400
42990377501017374400
42990003491017374400
42990151521017374400
42990026751022465518
42990162161019592675
42990432831018344112
42990309021017374400
42990219611017173298
42990265501017374400
42990398911018259260
42990118011017374400
42990319431017374400
42990355271017374400
42990231801017374400
42990339271017374400
42990366521017374400
42990330801014262977
42990072891017374400
42990366501017374400
42990117781017374400
42990038251017374400
42990184591017374400
42990196301017374400
42990377201017374400
42990265081017374400
42990343631016123872
42990072781017374400
42990366361017374400
42990026331018494384
42990060762017374400
42990196132017374400
42990330641017374400
42990355002017374400
42990139281017374400
42990275821017374400
42990318931017374400
42990196051017374400
42990072651017374400
42990083821017374400
42990094531017374400
42990195991017374400
42990330571017374400
42990072571017374400
42990207421017374400
42990105261019097098
42990128521017341871
42990431891017374400
42990037961017374400
42990308341017374400
42990231301018259260
42990366071016331048
42990083721018259260
42990218891017189260
42990242781018259260
42990376871018259260
42990242771014262977
42990308151017374400
42990048491018043024
42990072361017374400
42990231251017374400
42990366021017374400
42990083651017374400
42990253841017374400
42990343281017173298
42990354551019097098
42990083531017374400
42990242581017374400
42990376651017374400
42990419541017916961
42990443732017374400
42990072141017374400
42990094042017374400
42990002362017374400
42990138722017374400
42990150471018123670
42990285361018259260
42990025461017374400
42990160931017374400
42990037552017374400
42990343001017374400
42990285321017374400
42990160841017374400
42990059981018043024
42990195262019822760
42990354181017374400
42990150181017374400
42990082961017374400
42990242151017374400
42990104661017374400
42990264071017374400
42990397431017374400
42990047711017374400
42990183481017374400
42990317951017374400
42990342531017374400
42990059821017374400
42990329801017374400
42990354061017374400
42990376381017374400
42990386391017374400
42990408031017374400
42990430961017374400
42990338731018938362
42990194962017374400
42990329701019888035
42990353981017374400
42990218182018938362
42990127551017374400
42990001941017374400
42990274831017374400
42990149991017374400
42990285011017374400
42990419081017374400
42990024951017374400
42990059621017374400
42990376181016748047
42990274801017374400
42990138031018259260
42990284941017374400
42990418871017374400
42990037081017374400
42990206291017374400
42990364921018259260
42990376081017374400
42990218021017374400
42990149771018344112
42990284891018344112
42990418841016748047
42990296131016413230
42990274621017374400
42990353571018043024
42990206121017374400
42990127191019822760
42990012981017374400
42990024701018344112
42990160051023335254
42990296001023335254
42990364471016748047
42990407471017374400
42990001451017374400
42990093041017447607
42990385871018043024
42990442511017374400
42990070891023487544
42990205851023487544
42990229711018043024
42990364182018956796
42990452101018956796
42990082041018043024
42990217541014893346
42990241261018043024
42990375611014893346
42990103941021249613
42990274301017374400
42990407281017374400
42990159741018179944
42990353242018179944
42990070801021249613
42990081991017374400
42990092771017374400
42990112652014893346
42990442322021249613
42990217391017447607
42990375511016943526
42990092721017447607
42990113361021249613
42990036301017189260
42990046871017374400
42990070702017374400
42990217381017374400
42990241061017374400
42990418212017447607
42990012531017374400
42990418201017374400
42990194041017374400
42990353072017374400
42990001201018043024
42990407191017374400
42990241011018179944
42990036251017374400
42990375311017374400
42990092531017374400
42990306671017374400
42990193751017374400
42990328521017374400
42990070621017374400
42990092472017374400
42990115591017374400
42990263051017374400
42990182481017374400
42990316881017374400
42990328452015089877
42990126731017374400
42990263011017374400
42990036131017374400
42990306641017374400
42990442121017374400
42990217221017374400
42990137521017374400
42990159451017374400
42990295301017374400
42990001061017374400
42990012331017374400
42990418081017374400
42990058231017374400
42990217191018259260
42990442051017374400
42990442011017423600
42990193601017423600
42990328321017423600
42990352731017423600
42990113501003198246
43990169631017374400
43990374281017374400
43990374231017479357
43990283101017374400
43990428341017374400
43990091411017374400
43990283031015570176
43990416661015165678
43990022391017374400
43990315351017374400
43990450911017374400
43990068901017374400
43990147181017374400
43990416491017374400
43990034371017374400
43990169301017374400
43990304931017374400
43990440051017374400
43990045142017374400
43990068841021867882
43990204121015605044
43990337931015605044
43990362111015605044
43990384111017374400
43990135971017374400
43990272431017374400
43990169121017479357
43990304681015165678
43990147001017374400
43990282741017374400
43990135801017479357
43990010521017374400
43990416191017374400
43990203961017374400
43990124561017374400
43990260931017374400
43990292971017374400
43990168741017374400
43990314971018131452
43990450361015953689
43990068511017374400
43990079761017374400
43990090762017374400
43990383741017075734
43990250331017194752
43990010311017374400
43990146671017374400
43990282551017374400
43990416061017374400
43990168561017374400
43990304231017374400
43990314891017374400
43990450281017374400
43990326421017374400
43990350711017374400
43990249961017374400
43990146512017374400
43990238921017374400
43990394281017374400
43990271621017374400
43990146401017374400
43990033531017374400
43990180011017374400
43990314621017374400
43990033411017374400
43990439001017374400
43990044541017374400
43990449991017374400
43990350221017374400
43990373081017374400
43990225941017374400
43990021221017374400
43990156981017374400
43990292442017374400
43990426962017374400
43990314471017374400
43990350141017374400
43990079191017374400
43990214871017374400
43990238731017374400
43990372971017374400
43990009761017374400
43990415431017374400
43990009731017374400
43990146091017374400
43990282161017374400
43990415401017374400
43990426861017374400
43990314381017374400
43990449841017374400
43990190822017374400
43990203021017374400
43990079071017374400
43990214601017374400
43990238551017374400
43990372811017374400
43990089951017374400
43990225621017374400
43990249271017374400
43990383101017374400
43990100941017374400
43990123761017374400
43990260181017374400
43990393961017374400
43990134701017374400
43990404532017374400
43990009641017075734
43990145842017075734
43990282011017075734
43990415211017075734
43990438701017374400
43990044191015605044
43990179601017196984
43990314211022935286
43990449631017196984
43990111221017374400
43990404391017374400
43990156661017374400
43990292201017374400
43990426451017374400
43990044041015605044
43990179461015605044
43990314141017144241
43990449531015605044
43990190611017374400
43990372551017374400
43990238231017374400
43990372521017374400
43990100561017374400
43990134452017374400
43990270892017374400
43990404262017374400
43990020751017374400
43990156561017374400
43990303261017374400
43990043901017374400
43990055001017374400
43990190551017374400
43990325361017374400
43990349771017374400
43990336341017374400
43990067311017374400
43990202651017374400
43990336331017374400
43990360741017374400
43990213921017374400
43990134301017374400
43990414761017374400
43990032431017374400
43990325161017374400
43990349661017374400
43990078491017374400
43990372271017374400
43990248511017374400
43990425921017374400
43990167431017374400
43990438121017374400
43990237831017374400
43990224771017374400
43990414541017374400
43990178821017374400
43990313581017374400
43990448961017374400
43990324831017374400
43990066841014125256
43990281211017374400
43990414321017374400
43990020081017374400
43990156051017374400
43990425621017374400
43990066771017374400
43990237641017374400
43990259151018296776
43990110551017374400
43990133891017374400
43990270431017374400
43990110482017374400
43990133881017374400
43990403811017374400
43990425471017374400
43990078181017374400
43990213351017374400
43990371741017374400
43990031531017374400
43990043281016616088
43990178601017196984
43990313371017196984
43990448691015605044
43990324561017374400
43990349151017374400
43990066511017374400
43990201961017374400
43990335801017374400
43990360101017374400
43990088981017374400
43990053871017374400
43990077921017374400
43990008482017374400
43990066032017479357
43990077811017374400
43990212831017374400
43990237221017374400
43990371351017374400
43990088771017374400
43990224131014125256
43990247651017374400
43990381681019428520
43990122231017374400
43990392211017374400
43990270052017374400
43990042961017374400
43990178171017374400
43990448431017374400
43990088681014617835
43990224021017479357
43990247601017194752
43990381611017479357
43990019421017374400
43990437252017374400
43990323791017374400
43990348571017374400
43990099301021867882
43990122081019737717
43990258401021867882
43990392041015570176
43990290551017374400
43990424851017374400
43990065741017327765
43990201341024928727
43990335101017194752
43990359611024928727
43990077512017374400
43990212482017374400
43990236812017374400
43990370902017374400
43990448231017374400
43990053301017374400
43990143971017374400
43990098941017196984
43990121861012537785
43990391671016435847
43990109751017374400
43990019101017374400
43990155141017374400
43990290331017374400
43990424501017374400
43990042311017374400
43990348121017374400
43990077071017479357
43990052841018131452
43990188611015953689
43990323291017196984
43990348021018208383
43990064991022153174
43990200831015859407
43990334391022153174
43990358951022153174
43990247031018296776
43990109481017374400
43990132761017374400
43990334311017479357
43990246951017479357
43990380851017479357
43990109241018296776
43990165321017374400
43990200481015165678
43990358571017374400
43990211421017374400
43990132531017374400
43990402161014125256
43990108902017374400
43990279181017374400
43990412441017374400
43990423761017374400
43990322731017374400
43990347531017374400
43990076361017374400
43990211271017374400
43990235721017374400
43990222881017374400
43990246401017374400
43990380421017374400
43990257271017374400
43990018131017374400
43990154251017374400
43990289371017374400
43990187891017374400
43990087151017705504
43990222771016616088
43990246311015165678
43990380301015165678
43990017971017374400
43990289291017374400
43990423641017374400
43990311642017374400
43990097731017374400
43990390581017374400
43990108691017374400
43990412101017374400
43990199971017374400
43990210981017374400
43990380131017374400
43990097541017374400
43990108611017374400
43990268491017374400
43990401591017374400
43990154071017374400
43990289151017374400
43990029501017374400
43990300551017374400
43990041121017374400
43990176051017374400
43990311371017374400
43990051751017374400
43990346951017374400
43990357851017374400
43990369502017374400
43990120811017374400
43990390441017374400
43990278471017374400
43990051701017374400
43990075661017374400
43990423081012537785
43990040911017374400
43990311131017374400
43990446641017374400
43990051491017374400
43990187201017374400
43990333321017374400
43990357621017374400
43990379631017374400
43990097131017374400
43990199461017374400
43990357531016435847
43990390101017374400
43990288731017194752
43990063171017374400
43990333121017374400
43990063121017374400
43990210261017374400
43990153441017374400
43990422731017374400
43990186491017374400
43990321471017374400
43990346001017374400
43990357211017374400
43990198971017374400
43990434681017374400
43990114571068787936
43990114581068787936
43990096501015165678
43990163761017374400
43990233901017374400
43990085681018296776
43990221131017479357
43990244961017479357
43990378851018131452
43990107421017374400
43990267031017374400
43990288051017374400
43990422131017374400
43990050351017374400
43990320851017374400
43990266941017374400
43990400271017374400
43990174811017374400
43990310051017374400
43990445601017374400
43990367931017374400
43990389411017374400
43990027781017374400
43990433911017374400
43990400061017374400
43990152711017374400
43990421761017374400
43990174471022737128
43990185741017374400
43990107121016020375
43990276971017374400
43990388981017479357
43990378091017374400
43990173892017374400
43990367181017374400
43990266101017196984
43990162891017196984
43990298521017196984
43990095151017374400
43990388101017374400
43990309071017374400
43990026711017196984
43990162141018131452
43990297811018131452
43990432791014617835
43990243241017374400
43990388001017374400
43990105861017374400
43990265382017374400
43990196591017374400
43990207631017374400
43990231641017374400
43990366391017374400
43990377151017374400
43990254271017374400
43990105422021867882
43990128812019737717
43990264992019737717
43990398442016520095
43990038151017374400
43990173031017374400
43990444131017374400
43990297411015953689
43990343541017374400
43990038011015165678
43990172931015165678
43990330581017374400
43990354911017374400
43990285601017374400
43990037971015953689
43990227431017196984
43990231311017374400
43990117391017374400
43990264581017374400
43990397981017374400
43990242731017374400
43990376741017374400
43990014211017374400
43990285481017374400
43990419611017374400
43990431732017374400
43990354561017374400
43990094152017374400
43990105141016520095
43990264491016520095
43990397891016520095
43990296981016520095
43990037821015953689
43990172561017196984
43990308091015953689
43990443881019737717
43990184131004025793
43990318521003507573
43990184101017374400
43990365651017374400
43990094121017374400
43990002231017374400
43990047881017374400
43990071751017374400
43990127811015295776
43990443161017374400
43990047721017374400
43990317961017374400
43990242091017374400
43990104611017374400
43990127771017374400
43990264051017374400
43990397401017374400
43990138371017374400
43990274952017374400
43990408062017374400
43990071561017374400
43990206482017374400
43990263991015570176
43990082761017374400
43990001911017374400
43990274811017374400
43990407951017374400
43990194771017374400
43990329611017374400
43990071391017374400
43990071271017374400
43990230122017374400
43990364781017374400
43990082511017374400
43990376021017374400
43990116361017374400
43990430601017374400
43990071131017374400
43990206131017374400
43990171401017374400
43990341941017374400
43990364481017374400
43990082311017374400
43990012951003101193
43990149501003101193
43990284661003028027
43990418601004041829
43990385901017374400
43990274361017374400
43990024591017374400
43990385761017374400
43990036491017374400
43990194121017374400
43990036341017374400
43990328691017374400
43990170711017423600
43990306551017423600
43990137441017423600
43990023961017423600
43990159281017423600
43990294971017423600
43990429731017423600
43990092271017423600
43990115371017423600
43990251891017423600
43990352651017423600
43990046551017423600
43990182271017423600
43990316621017423600
43990341101017423600
43990193531017423600
43990328271017423600
43990352611017423600
43990262552003543760
43990240651003543760
43990240631003005656
43990011921003570322
43990148321002988292
43990283841004148725
43990417621003570322
43990057631002885836
43990328031003570322
43990352351003110733
43990262281012653500
43990395931012653500
43990081291003543760
43990216691003543760
43990240291003543760
43990374741003543760
43990091871003543760
43990114911003543760
43990251501012653500
43990384921003543760
43990147811001138340
43990283411001138340
43990417051001138340
43990114791003142826
43990023001003142826
43990158291003142826
43990294031003142826
43990428671003142826
44990147551018405774
44990056961017374400
44990251181017374400
44990216062022803302
44990102502017374400
44990147461017374400
44990428361017374400
44990069161016248576
44990204341018651044
44990338201016264942
44990362371022803302
44990181051017374400
44990192191017374400
44990204251017374400
44990250831017374400
44990147201019630604
44990157901019630604
44990293561022110381
44990315261017336754
44990204011018405774
44990373611017374400
44990124841017374400
44990010601024865033
44990124601017374400
44990135711018405774
44990373421017374400
44990394541017374400
44990124511017374400
44990249991017374400
44990135311017374400
44990337131017374400
44990111581017374400
44990021401017374400
44990439101017374400
44990180041019630604
44990326022017374400
44990238831017374400
44990373101017374400
44990249712017374400
44990383291017374400
44990135041017374400
44990157081017374400
44990292531017374400
44990427021017374400
44990033301019293608
44990168201017374400
44990361211017374400
44990009771012759159
44990282191022803302
44990415441015823555
44990033161017374400
44990168101017374400
44990303691017374400
44990021051017374400
44990426632017374400
44990044201017374400
44990325661017374400
44990361071017374400
44990238471017374400
44990225461017374400
44990190631017374400
44990325491017374400
44990349901017374400
44990089741017374400
44990382871017374400
44990393441017374400
44990202691017374400
44990360801017374400
44990078631017374400
44990123281017374400
44990259801017374400
44990393341017374400
44990078501017374400
44990324991019428235
44990089461017374400
44990291501017374400
44990313631017374400
44990324841017374400
44990237742017374400
44990020101018324850
44990291351017374400
44990110571017374400
44990403851017374400
44990414291017374400
44990281131017374400
44990019982017847703
44990448821019293608
44990113341016162340
44990224421018651044
44990227681018651044
44990339261016579812
44990144891017374400
44990237531015674553
44990099641017859073
44990451991016446051
44990189701017374400
44990324491017374400
44990349121017374400
44990099581018405774
44990258691017847703
44990392291017374400
44990291031017374400
44990201682017374400
44990212841017374400
44990224151017374400
44990392231017374400
44990189342016446051
44990323932016446051
44990042901017336754
44990065901017374400
44990155461015530324
44990403211017374400
44990359492015530324
44990391801017374400
44990166001017374400
44990312841015674553
44990370751017374400
44990223731017374400
44990258061017374400
44990348231017374400
44990065361017374400
44990334831017374400
44990448051019428235
44990323391017374400
44990077121018530412
44990212041017336754
44990370461016248576
44990447911017374400
44990436491017374400
44990087741017374400
44990380881017374400
44990289761017374400
44990165391017374400
44990223341017374400
44990018341017374400
44990154581017374400
44990289641017374400
44990423901017374400
44990121381017374400
44990132551017374400
44990402191017374400
44990358541017374400
44990087361017374400
44990121161017374400
44990029941017374400
44990300931017374400
44990311881017374400
44990369921017374400
44990390791015414698
44990006931017374400
44990423601017374400
44990347181017374400
44990029441017374400
44990051711017374400
44990187401017374400
44990346911017374400
44990075761017374400
44990097351017374400
44990175861017374400
44990199691016264942
44990113901015823555
44990210472017374400
44990142191016248576
44990288691017336754
44990221781016657078
44990299812014873808
44990199061018012786
44990333031017374400
44990163911015823555
44990107571020874764
44990096431017374400
44990255901017374400
44990445681017374400
44990050371016003186
44990186022019428235
44990320872019428235
44990345481019428235
44990050281017374400
44990367941017374400
44990221001017374400
44990244801017374400
44990445481017374400
44990389351017374400
44990421801017374400
44990338451016837348
44990400011014873808
44990228381016264942
44990388941017374400
44990015901017374400
44990073801017374400
44990367292017374400
44990118841017374400
44990140351017374400
44990276591017374400
44990039211017374400
44990445001015530324
44990356011017374400
44990208581016657078
44990378002017374400
44990399531018405774
44990004082017374400
44990140311017374400
44990027201017374400
44990319961012759159
44990073601019633049
44990265921017374400
44990409761019205601
44990319881017374400
44990344541017374400
44990208171017374400
44990219921017374400
44990344411017374400
44990409591017374400
44990227441018324850
44990452151016657078
44990339621016264942
44990265621020439214
44990219631017374400
44990451431019296727
44990015001017374400
44990151501017374400
44990338901019428235
44990355431017374400
44990219581017374400
44990026601016837348
44990173341018405774
44990219201017374400
44990128731017336754
44990227041019296727
44990150951015134158
44990196031017374400
44990330591017374400
44990339151017374400
44990354951017374400
44990048641017374400
44990354841017374400
44990242831014708739
44990128501015134158
44990014321012759159
44990338742018324850
44990443971017374400
44990451421015030713
44990105181017374400
44990275661017374400
44990025821020883958
44990060411017374400
44990195801017374400
44990330381017374400
44990354581017374400
44990242622013783130
44990117281018518793
44990451481019296727
44990161131017374400
44990308101017374400
44990318531004147462
44990183892017374400
44990060231017374400
44990365592017374400
44990218641017374400
44990253611017374400
44990397742018613554
44990150431017374400
44990060031017374400
44990195531017374400
44990104861017374400
44990354171017374400
44990218381017374400
44990253421017374400
44990408191017374400
44990275081017374400
44990296621017374400
44990082921017374400
44990376461017374400
44990113251018324850
44990451411014873808
44990138381017374400
44990013731017374400
44990218261017374400
44990242051017374400
44990451401018324850
44990452121017847703
44990013621017374400
44990082801017374400
44990376201017374400
44990116481017374400
44990263971017374400
44990037181017374400
44990443041017374400
44990183171017374400
44990317801017374400
44990342371017374400
44990329631017374400
44990418891017374400
44990171681017374400
44990307511017374400
44990443001017374400
44990342331017374400
44990407781017374400
44990329561015530324
44990263711017374400
44990037021017374400
44990442871017374400
44990093231024075277
44990116302020874764
44990252991015134158
44990386061020874764
44990227361016248576
44990047341014873808
44990407581017374400
44990375831003857495
44990093131017374400
44990385981017374400
44990127171014873808
44990229861017374400
44990396901017374400
44990240721017423600
44990294981017423600
45990305411018415353
45990452001018040474
45990338211019049223
45990362391018415353
45990362271018249494
45990395091020946693
45990450811017374400
45990293251018415353
45990239371017374400
45990450311014011952
45990113001018040474
45990090251020946693
45990383251017374400
45990033181020946693
45990303701017374400
45990438861017374400
45990426711015008310
45990214481017374400
45990238301015008310
45990213981019456035
45990363681017921915
