329999191999991999999991215205203250303041112130399992130401119079999104000081006914067911
329999199991999199999919226204202240303042112130199992990413119079999118000110019670758911
339999199991999199999919225211205299803041152119906701993003079059998110000159017853430911
349999199991999199999919224205102299829881182131299992990405119069999114000160018509282911
329999199991999199999919226203203250303042121129999992990313059069999113000321019487783911
339999199991991999999991221210205230203041142130399992990401119079999106000346020054065911
349999199991999199999919221110204130203042243130699992150409119089999109000424016577722911
329999199991999199999919224203202250319391131130399992990413119079999107000702019102683911
339999199991999199999919224211207140303041311330899992990402119059999104000761018513521911
329999199991999199999919223211206130203045122119907501993002079060250106000767014651091911
339999199991999199999919224210106110103041112119908751993005079050875103000884027288372911
339999199991999199999919225210106140203041384330899992990402119069999103000889016268699911
349999199991999199999919223206203230203042142119905502998005079060183103000928017306746911
351999999991999919999991221201203260403042132119908502998013079030141103000929020211894911
329999919919999919999991316205203230219291144130399992990411119089999103000953022609736911
339999199991999199999919222212208140303042122119904432202103079050110102000954021417393911
359999199991999199999919212210206140303041122131299992120403119039999102000967017611739911
329999199991999199999919221210206230203041112130199991990401119059999101001065019777721911
319999199991999199999919225208205250403043122119999981993002079079998101001077022424690911
339999199991999199999919222212106130303041242119919001998009079060633101001079018513521911
319999199991999199999199215205203260503041112119906002998002079070100101001083018562307911
319991999991991999999919225210205230203041122119904752139502109060158105001164007320488912
339999199991999199999919216210206240303191162130399992130402119079999108001172010376369911
329999199919999199999199115206204270403041142130399992130401119089999202001198007495900912
339999199991999199999919225210206230103041112119906001993002079060200110001290021008647911
329999199991999199999919215210204230203045122130399992990402119059999116001291017062708911
349999199991999199999919224203103280503042152119906002998013079010066114001307017613307911
329999199991999199999919214206202220203042132130399992990402119059999115001317015706748911
331999999199991999991999311208206250303881162130399992990402119079999107001444016797594911
329999199991999199199999315208203210119291122119903002993008071080300113001469021648666911
339999199991999199999919222211806130203041112119908001993002079060266106001486015521464911
329999199991999199999919221112206130203041363329999991990703059039999112001520022790786911
349999199991999199999919224205103240303042132119906002998011079020150109001554019119132911
349999199991999199999919222211206140303041332329999991150703059049999108001615017440920911
349999199991999199999919226205203230203042122119905502148003079030183108001638021043580911
319999199991999199999919222211206150403041112130199992120403119039999109001675027952834911
339999199991999199999919324208204210103041162130499992990408119089999105001690019075970912
339999199991999199191999218212206110119041122119903401993007071070340105001721023049301911
319999199991999199999919225211206130203041262229999992991703059039999107001829024041774911
339999199991999199999919222213208140203044142119921001143003079080525104001876018290065911
339999199991999919999919222211206110103045312319911621158003079031162103001932016441225911
349991999199999919999991323204202230203041132119999982998013079059998104001935017616269911
349999199991999199999919222205203240203042142119907002998003079010175104001968022364945911
339999199991999919999919222213208130203041222219922002148003079010000103001992017165212911
339999199991999919999919226213208150203041232319914002148003079010280103002008018729478911
359999199991999199999919223203202260403042121130299992990413119029999102002118018782791911
329999199991999199999919221205203240203042122119906252998005079070156102002135015716313911
329999199991991999999991225207204230203045132119909001993005079060300102002145020316055911
349999199991999199999919225310206150303041154130999992120403119039999101002151026017446912
319999199991999919999991211209204240303041162130899992990402119079999102002165023015576911
349999199991999199999919224207103240303042112119907002993002079060175101002192018500309911
359999199991999199999919228203202240303041122119906002998013079050150101002195020906072911
329999199991999919999991225201202270403042151129999992990313059049999118002430021976487912
329999919919999919999991215203202250303045162130499992990413119089999116002470021210027911
339999199991999199999919215210206240203042122119903501993002079070087108002548026754984911
339999199991999919999991226206103220203041132130899992990408119079999108002565019264287912
341191991199911999199999116201202240303042122130499992990413119069999212002582025202467911
339999199991991999999199322208205240303041162130499991990401119079999106002671019075970911
339999199991999199999919228210106140303041231230899992140402119079999106002723018290065911
339991999119919999999199111210206230203041162130399991990402119059999206002733019068251911
339999199991999199999919328210205210103041112119906001993001079070600106002742018159139911
329999199991999199999919225205203260403042122119907002998011079050116110002759018840498911
339999199991999919999919222213208140303041152119922001993103079010000105002778018011132911
329999199991999199999919225205104220103191164130899992990411119079999109002837019411606912
349999199991999199999919225212206130203041352330299991150403119049999106002944017606491911
349999199991999199999919223211206110103041362129999991990703059039999106002951019155374911
319999199991999199999919225210206140303042152119999982202103079059998107002977023475130911
339999199991999919999919223213207130203044381330899992150403119039999104003044018256725911
339999199991999199999919221211206120103041261230899992990403119039999104003071018729478911
329999911999919999999991323201202250303045111130999992990413119069999105003115020870919911
339999199991999919999991212211206210129292112119903401993007071060340103003116017346917911
319999199991999199999919225210205230203041112119904501993002079070150104003164017076288911
339999199991999199999919222213207110103041354319903752998003079030375103003177019054288912
329999919919999919999991215305203280603881164130499992990405119089999103003209019519285911
359999199991999919999991225203202270403042161129999992990313059029999103003213018227825911
339991999991911999999919111210206220203881142131299991990402119089999202003298026355607911
319999199919999199999919225211206140303041112119999982120503069039998102003364018645975911
359999199199999919999991315203103240203191161131299992990413119059999101003414019904690911
339999199991999199999919223209206120203041122119910002993005079080500101003437016441225911
319999199991999199999919215207204260503041122119904251993001079070070101003477020930921912
319999199991999199999919221210205140303041162119999982139502109069998103003558008997929912
319999199991999199999919222210205230203041132119902502139501109060083101003589007289636912
329999199991999199999919225212206110103041452319999982158003079039998118003612018248802911
349991991999991999999919322211206130203041112119904521993103079040150112003754018694829911
329999199991999199999919221211206130203041132119999981993002079069998114003780020776051911
339919999991999199999919211208205240303041162131299992990401119069999107003797017346917911
329999199991999199999991221211206140203041132130199992150403119039999113003821017873590911
329999199991999199999919222210206120203041332319905701158002079050285112003844020800355911
339999199991999199999919226213208130203042112119915001143103079010500106003846018513521911
329999199991999199999919214203103240303042142130399992990413119059999112003867017690433911
339999199991999199999919221213107130203041361329999992990703059039999106003874018256725911
339999199991999919999919228212207199803044381330299992150403119039999106003926024525099911
339999199991999199999919224207104230203041321330899992990405119069999106003943024525099911
339999199991999199999919228210204210103042122119906501993005079080650105003984018159139911
329999199199999919999919223209204240303045132119999982993002079079998109004046020147331911
319999199991999199999919225213208150403041112130799991080407119059999107004147016038800911
329999199991999919999991315205103230203042162131299992990401119079999107004158021210027912
339999199991999199999919228213208130203041252230899992990403119019999104004167019261660911
339999199991999199999919226212107110103044381330899991150403119039999104004182018729478911
349999199991999199999919225201201260303045161129999992990313059059999104004320018887584911
349999199991999199999919226211106130203041122119906391993103079040213103004350017824892911
319999199991919999999919221210206140303041122119905501153002079060137104004362016352577911
321999999919919999999991315203203280603045464430499992990413119089999103004375015706748911
339991991199919999911999315210203210129392122119902402993008071080240102004419015521464911
349999199991999199999919225211206130203041162131299991990403119059999102004420021532529911
339999199991999199999919221211206110103041112119911002143009079051100101004477018513521912
329999199991999199999991225211207130203041351329999991990703059059999102004484020316055911
339999199991999199999919223213208130203041382129999991990703059039999101004486018791849911
339999199991999919999919281210205240303041122119905262139502109070131109004616010404387911
321999999991919999191999315203202250403041112119904502998013079070090116004718019169389911
329999199991999199999919221210206140303041362129999991990703059049999115004763017965214911
339199991999919999999199115208203210119291142119999982130408111069998208004825011664747911
339999199991999199999919223213208130203041122130199991140403119029999106004949018011132911
349999199991999199999919224206103230203042112119903752998001079080125109004958016906942911
339999199991999199999919228113108130203041253230899992990403119019999106004962018995582911
339999199991999199999919222210206120103041122119905752993002079060287106004966018159139911
329999199991999199999919216107103230203042363129999992990703059019999110005016015117943911
339999199991999199999919222213207110103391112119904501993003079060450105005050018791849911
349999199991999199999919221211206130203042122119906001993103079030200107005051019235535911
319999199991999199999919224106203230203042263129999992991711059019999108005172014890707911
339999199991999199999919226212208130203043142119922001993103079010000104005209018290065911
319999199991999199999919221210205230203041122119999981993002079069998105005333017729622911
339999199991999919999919212207203230203041162119907001993001079060233103005349018719108911
339999199991999919999919222211207230203042142119999982993004079069998103005401018290065911
349999199991999199999919228210105250303041231229999992991702059079999103005410022498867911
359999199991999919999991224203102230203042142119905502998013079020183102005589019904690911
339999199991999199999919225203203240303042132119922002998013079080000101005613018290065911
329999199991999199999919222212208130203041122130999992120403119039999101005629020776051911
319999199991999199999919224207104240303041112119904001993001079070100101005639016352577911
319999199991999199999919222212207140303041122119999982120503069039998101005656018338291911
319999199991999199999919226210205130203041152130399992130402119069999101005754009177592912
329999199991999919999991223205203260303042141130299992990411119069999118005832021368446911
329999199991999919999991215206204250403045122130499992990401119079999116005901015706748912
331999999991999199999919211210205220203041182131299992130401119089999108006035009942988911
329999199991999199999919224203102250303042162130899992990413119049999114006038018910463911
349999199991999919999991223211203210103041142130399991990403119039999112006041021204289911
349999199991999199999919225203202250303041351329999992990713059039999111006101019180146911
321999999991919999999199125201202280603045184130299992990413119069999213006102018352791911
339999199991999919999919226211207110103041341330899991990402119069999106006178024751137911
319999199991999199999919225203202250303041141129999992990313059059999110006240014890707911
339919999991999199999919223208205230203042162130799991990405119089999105006288018589596911
349999199991999199999919225205203250403042142119915002998011079030300107006313015374382911
339999199991999199999919221213107150303041364330899991990403119039999104006421017853430911
339991999919991999199999111210206240303041162131199991990402119079999204006478019075970911
349999199991999199999919216205203250403041161130899992990405119079999105006500024158064911
339999199991999199999919222213208120103041341330899992990403119039999104006551013837781912
319999199991999199999919225210206130203041332429999991990703059049999105006581023161070911
339999199991999919999919226213208130203044251230899992140403119019999103006684015656105911
349999199991999199999919225303203250319192164131099992990413119079999103006716019837459911
359991999199919999999991123203102240203041142131099992990413119079999203006719019980815911
329999199991999199999919215209204250403045182119904802120503069020096103006757020147331911
319999199919999199999919311211205110103041162130399992130402119069999103006780007289636911
351999999991999991999919224203102230203042122119904752998013079030158102006808018288507911
349999199991999199999919225206203210103042112119905502998011079030550101006852019235535911
339999199991999199999919328211206110119292162131299991990407111089999101006884021444530911
339999199991999199999919226213208120203043222230199992990403119019999101006890017165212911
339999199991999199999919822213208110103041321430899991990409119069999301006924018084291911
329999199991999199999919225203202240303041122119906002998013079070150101006925019487783911
329999199991999199999991221211205130203041362119907001158003079050233118007054020147331911
329999199991999199999919225212206150403041132419999982202102079069998117007068016273518911
329999199991999199999919226204202230203048142130499992990413119059999117007080022347594911
349999199991999199999919222210206140303041142119908251993103079040206114007106017440920911
349999199991999199999919221210204210103041112119904301153002079060430113007132016906942911
338888888888888888888888882113208140303043153119914502993003079050362306007337019029174911
339999199991999199999919221212107150303041311330899992990403119039999106007398017834588911
329999199991999199999919225207104250303041142130499991990402119079999109007476018050615911
339999199991999919999919221213208130203041351329999992990703059059999105007551018729478911
349999199991999199999991225201202270303041161129999992990313059049999107007568018232729911
319999199991999199999919224206102230203041142130499992990402119069999107007658023419280911
339999199991999919999919226212207130203041152130899991990405119039999104007676017853430911
339999199991999199999919224213208110103041262230899992990402119079999104007685021444530911
349999199991999919999991225205202260303041161131099992990405119079999105007708020262331911
339999199991999199999919223210206199803041122130199991990403119059999103007763017853430911
329999919991999919999991213207204260403041242129999992991702059079999104007826020147331911
339999199991999199999919226313208120203041284219916002998009079030800103007829018084291911
359999199991999199999919325203203299819192142131299992990413119039999103007867024071629911
339911999999191999191999322210205220203042112119906501993001079080325102007878018242362911
319999199991999199999919225210205250419191112130499992990402119079999103007897019419754911
319999199199911999999199315210205230219191132130499992130402119069999103007912006469539911
329999199991999199999991211212207160403041311330399992200403119059999102007918015741748912
339919999991999199999919224209205220103041162119905001998001079080250102007919019054288911
329999199991999199999919224205103240303041142119903502998005079070087102007925017076490911
319999199919999199999919211207204240319191132130499992130402119079999102007965010943304911
319199999991919999999919814210105240303041112119903591993002079070089302007980016529255911
339999199991999199999919221210205230203041112119906002153002079060200110008231014550579911
349999199991991999999919325203202250303041188119902752998013079050055114008233019194163911
339999199991999199999919224210206130203041112119905001153003079060166110008244018719108911
339999199991999199999919222210206130203042122119908762143003079050292109008276020955352911
339999919999199199999991216210206230203041132119904501993002079080150109008286021140227911
349999199991999919999991225204202299888888824131299992990413119069999111008390024098445911
319999199991999199999919222208205240303041132119904721993002079060118109008589018724891911
349999199991999199999919224205103240303042112130199992990411119039999107008621020885428911
321111991119911999111199114207104240304051162130499992990408119059999208008671022766126911
319999199991999199999919226201202250303041141129999992990313059069999108008686018760862912
319999199991999199999919224205102240303041162131299992990405119069999108008687023295786911
321999999919999919999991316204203250303045164130499992990413119059999107008714022342762911
329999199991999199999919224207204240203042112119908002993011079060200106008748017340311912
329999199991999919999919223206103299888888188131299992990411119079999106008779020147331911
339999199991999919999919211213208140303044122119922001143103079010000103008840021211371911
349999199991999199999919222207203250303042122119908502998003079010170104008871017824892911
319999199991999199999919221210204250303041122119905751993002079060115105008873016352577911
329999199991999199999919324205103299803045132119999982998001079059998104008881018376647911
339999199991999919999991226211207180503041351330699992990401119089999103008915021444530911
329999199991999199999919225201202299803048181130999992990413119059999104008928015495892911
339999199991999199999919212213208120203043212219912132998003079010606103008930021211371911
329999919999199919999919313205203240303041152119907002998011079070175103008951016240190911
349999199991999919999991823201202260403042122119913002998013079040216303008961016292638911
329999199919999199191999112211205110129392142130499991990409119069999202009027020776051911
359999199991999199999919226201202230203041112130199992120413119039999101009087019703098911
359999199991999199999919226206202250403041142119908002158003079030160101009104014983631911
319999199991999199999919225211207110103041142119901342120503069030134101009113018645975911
329999199991999919999991224205104230203042162130499992130405119089999101009154008138909911
339999199991999199999919221210206240303041162130399992130402119069999108009200014336126912
319999191999999199999919214207203210103041142119902301139501109080230101009220005821515912
329999199991999199999919221211206130203041132119904801153105079040160117009264019169389911
339999199991999199999919221211206120203041122130699991150403119059999110009303019915361911
349999199991999199999919223203202230203045344429999992990713059039999113009332017009313911
339999199991999919999919224209105240303041132130399991990402119089999107009462016555266911
339999199991999199999919223211806130203041122130499992990402119079999106009565015322892911
319999199991999199999919221211207110103041162130799991990403119039999109009664019351217911
339999199991988888888888224208205220203044152130399991990405119079999105009685018159139911
329999199991999919999919224203102240203192141130299992990413119079999107009787019971677912
339999199991999199999919221210206120103041112130899991990403119049999104009805016441225911
339999199991999919999919221213207110103041132130699991990403119039999103009918017834588911
329999199991999919999991218809204110103042164119905002993011079050500104009961017228353911
319999199991999199999919226206103220203041161130499992990405119079999105009966014890707911
339999199991999919999919221213208130203041251230899992990403119059999103010005024525099911
329999199199999919999991315208205230203041152139899992990411119089999103010054015706748911
339999199991999919999991323209205230203041162130499992990401119089999102010094021444530911
329999199991999199999919225207205220203042182119999981993001079089998102010163017340311912
339999199991999199999919222213208150303043112119916502998003079010330101010164018290065911
339919999991999199999919324112108130203042263230899992990403119019999101010249018513521911
319999199991999199999919215305203230203043184119906752998011079070225101010257014890707911
319991999991999199999919311210205240303041142119999982139502109059998102010315006025028911
329999199991999199999919225204202240303045112130199992990413119069999118010354019487783911
329999199991999199999919224203202240303042121130299992990413119039999118010358016876155911
349991999199999919999991324203102240303041161131299992990413119069999114010410019256748911
349999199991999199999919225208204230203041132119907001993103079030233111010539024098445911
339119999119911999191999311209205230203042122130499992130407119089999107010547011664747912
339999199991999199999919226212207130203041162130899992990403119049999106010608017851693912
349999199991999199999919225203802250303042162130699992990413119069999110010646024158064911
339999199991999199999919226213208150403041132119915002993103079020300106010684013837781911
339999199991999199999919221311207120103041314330699991990403119049999106010689018729478911
339999199991999199999919221213108150303041341330399992140403119029999106010708024525099911
339999199991999199999919226210107140303041351329999992150702059079999106010712018589596911
319999199991999199999919224203202250303042131130299992990413119079999108010841015367396911
329999191999991999999919314207204260403041112119906502993002079070108108010843020593743911
339999199991999919999919224212208120103045242219913001148003079030650104010909021211371911
339999199991999199999919226213207140203041142130899992150403119039999104010924018784751911
319999199991999199999919222211206130203041262219907002998003079030233107010928022883902911
339999199991999199999919222213108120103041222219919002998003079010950104010956018513521911
319999199991999199999919228210206130203041112119905451993002079060181105010996023131880911
319999199991911999919999221211206130203041182119999981153002079069998104011061015447133911
329999199991999919999991222212207140303041362119912002998003079040300102011191020147331912
339999199991999199999919225110106110103041363119917002998009079071700101011238021444530911
359999199991999919999991225201202260403041161129999992990313059059999101011242019884134911
329991999991999919999919385203202299803041112130499992990413119049999108011293020936123911
329999199991999199999919224203102230203041122119904752998013079060158117011336022347594911
349999199991999919999991224203102250303041162119999982998013079059998114011375020618923911
349999199991999199999991324206102230203041112119904502998003079050150104011445018693204911
339999199991999199999919221210206240303041142130399992130402119069999108011506010908051912
319999191999999199999919214207203210103041142119902301139501109080230101011530007499227912
329999199991999199999919221211206130203041342129999992990703059059999118011555017312966911
339999199991999199999919221211206130288881142119904001993002079060133110011575017346917911
349999199991999199999919225203202240303045112119905752998013079050143114011624019053840911
339999199991999199999919222213208150303041361330499992080407119029999109011684019659168912
349999199991999199999919228211206199888881182139899991990403119039999112011707018214483911
339999199991999199999919222213807140303041321230399992990403119059999108011725020053417911
339919999991999199999919325213208130203041142119911151993103079030371106011836017851693911
349999199991999199999919211212206130203041112119905501993002079060183109011842019235535911
339999199991999199999919223211206230203041112130499992990402119079999106011882014550579912
349999199991999199999919224203102250303042162131299992990413119039999109011884024158064911
349999199991999199999919228212206130203041322219908301998003079040276108011918016469048911
319999199991999199999919224203102250403041122119908502998013079080170110011934022245922911
339999199991999199999919222213207140303041182119905551993105079040138105011936018633863911
349999199991999199999919225212206140303041112119907001153103079040175107011978017306746911
349999199991999919999919311212206130203042112119906751993103079030225107011988016964899911
339999199991999199999919222211207140203041142130399992990402119069999105012055017851693911
339999199991999199999919225210206110103041112130899991990403119049999104012117017834588911
319999199991999199999919224203102270403042162129999992990313059059999107012151017741566911
319999199991991999999919321212206120203041112119904501153002079060225106012155019351217911
319999199991999199999919221212107130203041361329999992990703059039999106012202014890615911
339999191919991999999991311208205240303044162130599992990401119079999103012208020053417911
349999199991999199999919221212206130203041132119907751153003079050258103012255016964899911
319999199991999199999919225212207130203041112119905751993103079030191104012279015411268911
329999199199999919999991315208205230203041152139899992990405119089999103012337015706748911
349999199991999199999919225211206130203041152119906002993003079050200102012341018538702911
339999199991999919999991323209205230203041162130499992990401119089999102012376021444530911
329999199991999199999991222212207150488041321329999992088603059029999102012400018248802912
319999199991999199999199215105203230203043183119906752998011079070225101012531014890707911
319991991999991999999199322211205230203041112130499992130402119079999104012585006993122912
329999199991999199999919214206102230203041112119904502998002079050150117012691017062708911
329999199991999199999919222211207130203041142119999982120503069019998116012710016273518911
341191991199999919999991315201202250503045161130299992990413119039999113012785016469048911
349999199991999199999919225207204220103041122119903501993103079030175111012873018063477911
339999199991999199999919221211207130203041162119909002993003079050300107012894021444530912
329999199991999199999991224205102230203041112130499992990405119069999111012972017737897911
319999199199999199999919222208204240303041112119905312168503079040132110013031016237525911
329999199991999199999919221210206130203041142119906001153002079060200110013040016780946911
339999199991999199999919222210204220203042162130499992990401119089999105013056019931263911
329999199991999199999991225203202250203041141130699992990413119069999110013065019411606911
329999919991919999991999321207104299803041142119904001993002079079998109013092020593743911
339999199991999199999919224207104220229041122119908752993008071080437105013153017851693911
339999199991999919999919223211206110103041112119907631993001079080763105013168018242362911
319999199991999199999919223212208140303041362330299992070407119039999108013170016216255911
339999199991999199999919221210206130203042341330899992990403119069999105013183015656105911
319999199991999199999919225203202230203041152130599992990413119069999108013187017871215911
339999199991999919999919228213207130203042341330999991150403119049999105013189018729478911
339999199991999919999919226213107130203044351330899992190403119039999105013204019754714911
349999199991999199999919222211206130203041331329999991990703059049999106013237022240589911
339919999991999919999991321209205230203041162139899992990401119079999104013243018638480911
319999199991999199999919225205203240303042132119909002998011079030225107013257022424690911
319999199991999199999919222211206230203041262229999992991703059039999107013265024224217911
329999199991999199999919224207204230203041122119908902993001079060296106013285019299460911
329999199991999199999919221210204230203041152131299992990402119059999105013354017865279911
339999199991999199991999324207205240303191162131299992990401119089999103013364020350650911
339999199991999199999919226210204210119291142119904001998008071080400103013371016294500911
339999191919991999999991116213207110103391152130499991990409111069999203013401021444530911
349999199991999199999919224203102250303042112131299992990413119039999103013410018460768911
329999199991999199999919325207204240303041152130699992130401119069999102013482008595146912
349999199991999199999919285210206130203042132119999982120503069039998101013531026017446911
339999191119999199999919311210206230203042161130699991990402119089999101013568015322892911
329999199991999199999919221211205210129291122119902152158003079010215101013584018376647911
359999199991999199999919223101202270403042163129999991990313059019999101013745026303781911
329999199991999199999919225210206140303041122119905502120503069030137115013786019184391911
329999199999199199999991221211206160303042312329999991150703059059999114013891021368446911
349999199991999199999919225205203240203042241229999992991703059039999111013935020265406911
339999199991999199999919223210206240303041112130499991990402119079999106013962016294500911
339999199991991999999991221210205230203041122119908502993001079070283106013965015521464911
329999199991999199999919225206102230203042122130199992990402119059999112013969017076490911
349999199991999199999919225106203220203041433419906502998011079030325109014007019977983912
339999199991999199999919225210205230203041162130899991990402119059999106014034019480765911
319999199991999199999919221213208130203041342329999992088603059039999110014104015270662911
349999199991999199999919221209204230203041112119906291993002079060209107014131018063477911
339999199991999199999919226212206110129291122119902152993007071070215105014134019264287911
349999199991999199999919224203102240303042162130999992990413119039999107014174020121989912
319999199991999199999919221213108140303041331319904002088503079030100109014185017755846911
339999199991991999999991324208205230203041112119905001993005079080166105014205016441225911
349999199991999199999919225203202220203045142131299992990413119039999107014219018500309911
329999199991999199119999314207205250303041182130499992990402119079999108014221019519285911
329999199991999199999919224205102250403041112119999982998011079079998108014240015850640911
319999199991999199999919225203202240303042142119999982998013079039998108014244015490889911
329999199991999199999919224203202260319391131130399992990413119079999107014302020858950911
339999199991999919999919222213207110103043112119911252998003079011125103014447021211371911
339999199991999919999991211213207110103041351319908002998002079060800103014466017834588911
329999199991999199999919311210204250403191122119905002993002079050100103014531018191371911
359999199991999199999919221201203260403042132130199992990413119039999103014538020683457911
329999199991999199999991225206204230203041112119907502998005079070250102014622020462506911
339999199991999199999919221210206240303041162130699991990402119089999101014667014550579911
349999199991999199999919224203102240303042142131299992990413119059999101014699017145335911
321111991119911999111999315209204240303041152130499992130402119079999116014831008090982912
329999199919999199999199115206204270403041112130399992130401119089999202014843008821232912
329999199991999199999919225205103240303042141130899992990411119029999118014877016924373911
329999199991999199999919222210206140303041112119907471993103079040186117014897019388682911
329999199991999199999919215210204240303045122130399992990402119059999116014949021210027911
329999199991999199999919214206202220203882132130399992990402119059999115014977021210027911
349999199991999919999991225201202230203041142119906002998013079050200113014997024720534911
329999199991999919999919221211206130203042152119907001153002079060233114015036020586936911
329999199991999199999919226205103240303041162130999992990411119089999114015047018840498911
338888888888899919888888381210206260403041152119902752993002079070045107015094020041413912
329999199991999199999919211211206130203042362329999991150703059059999113015105017873590911
329999199991999199199999315208203210129291122119903002993008071080300113015125017805462912
329999199991999199999919224205103230203042122130899992990411119029999112015140018910463911
329999199991999199999919221212806130203041312329999991990703059039999112015161018840498911
339999199991999199999919221210298140303044132119922002993002079060000106015247018290065911
329999199991999199999919226206203230203042152119906002998002079060200110015283021777553911
319999199991999199999919224207202230203041131131299992990403119059999110015291023419280911
339999199991999199999919324208204210103041162130499992990408119089999105015322015521464912
339999199991999199999919226212207110103041342430199992990404119059999105015329018159139911
349999199991999199999919211811898199888888888830899992140403119019999107015334018595652912
349999199991999199999919225205203250403042122119912002148003079010240107015336014805850911
319999199991999199999919224105103230203041163131299992990405119059999109015346017871215911
339999199991999199999919221212207120203041312331299992990404119069999105015361018513521911
319999199991999199999919222213208160403041362319999982078503079039998108015378017537309911
349999199991999199999919225210206140203041342330699991990403119039999106015440020542591911
319999199991999199999919222211206130203041262229999991991703059039999107015462022720288911
349999199991999199999919223205203260403042142119910002998003079010166104015583015374382911
329919999991999199991999325206203210188881142119999982998002079059998104015595015706748911
319999199991999199999919221211206140303041112119906501993003079050162104015599019113808911
339999199991999919999919226213208140303041212219922002148003079010000103015605018290065911
329999919991999919999919214201202270503041142129999992990313059079999103015652015706748912
319999199991999919999991211209204240303041162130899992990402119079999102015734014135378911
329999199991999199999919215206203210129292162131299992130408111089999103015910006270567911
339999199991999199999919224210106240303041112819909001993002079070225110015973021903917911
339999199991999199999919221210206230203041122130599991990402119079999110015983017210341911
329999919919999919999991215203202250303041162130499992990413119089999116016005021976487911
339999199991999199999919221211206140303041152130499991990402119069999110016021015529151911
329999198888899199999991225204202240303045132129999992990313059069999115016024023845453911
329999199991999199999919221213206140303041322129999991990703059039999115016031018840498911
339999191999999199999919215206202210119191162119902501998008071070250108016047018750938911
339999199991999919999991226206103220203041162130899992990408119079999108016112020080351912
339999199991999199999919221207203220203041122119904002993008079060200108016122019264287912
331919999199999199999919325208204240303041162131299991990401119079999106016214019754714911
339999199991999199999919221210106140303041261230899992140402119079999106016294021444530911
339991999119919999999199111210206230203041162130499991990402119059999206016305018791849911
349999199991999199999919226206204230203042112119904002998011079030133108016343019977983911
319999199991999199999919224203103210103041132130399992990413119049999110016357023419280911
341999999199999919999991125201202260403041141130999992990413119079999207016391017613307911
349999199991999199999919225203202230203041132119907502998013079030250107016409017462172911
339999199991999991999919222213208150303043112130999992170403119029999104016476029215714911
331999999991991999999991325209205230303041132130499991990401119079999104016493019075970911
349999199991999199999919222213206140303041252219907801998003079040195106016497020285794911
339999199991999199999919226213208140303041112130899992140403119019999104016521019261660911
339999199991999199999919221211206120103041261219912002998003079030600104016591018513521912
319999199991999199999919225213207130203045322329999991990703059039999106016594022424690911
329999199991999199999919222211206110103042112130799991990403119039999105016607020672540911
329999199991999199999919214203102250403041122119907002998013079070140105016634019636440911
319999199991999199999919221211206120203041342329999991150703059059999105016651017415415911
329999919919999919999991815305203280688885164130499992990405119089999303016741017062708912
329999199991991999999919225207204210103041122119999982139505109089998103016790006270567911
339991999991911999999919111210206220203191162131299991990402119089999202016791017853430911
349999199991999199999919224206103230203042112119905002998005079060166102016796018595652912
319999199991999199999919222210205230203041142119902502139501109060083101017056007430569912
329999199991999199999919224203102260303041152131099992990413119069999118017073015706748911
339999199991999199999919223213208140303041321329999992078603059039999110017158024264280911
321999999991999199991999326211206160403041112130699992150402119069999114017231022306320912
349999199991999199999919225203202250403043164119907502998013079050150112017258026017446911
339999199991999199999919211209206210119291161131299992990402119069999107017289019397907912
339999199199999199199999326810206299803041168131099992990402119079999107017298021444530911
339999199991999199999919221212107140303041341330899992990403119039999106017370013837781911
339999199991999919999919223212207199803044381330299992150403119039999106017399015656105911
339999199991999199999919223207205199803041182130699991990405119089999106017401018159139911
319999191999999199999919324203102240303042161119906002998013079040150110017499015980675911
329999199991999199999919226207203240303041122119904501993002079050112109017513017062708911
329999199199999919999991223209204240303045142119999981993002079079998109017542020147331912
339999199991999199999919222213206110119041142119904112993007071080411105017553017346917911
329999199991999199999919225203203250303192162131099992990413119079999107017632018831660911
339999199991999199999919226212207110103041362330299991990402119069999104017651019403282911
349999199991999199999919224206102230203041161130899992990403119039999105017753024158064912
339999199991999199999919222212808140388042321330899992990403119059999104017760024026104911
329999199991991999999919215206202230203041132130699992990402119059999105017793019519285911
339999199991999199999919222213208140203042162119912501993004079070312103017795018773843911
339999199991999199999919226213206110119391152130399991990409111079999103017860019571539911
359999199991999199999919223101203250303042163129999992990313059019999103017943019484122911
319919999199991999919199221211206130203041122119999981993002079069998103017953016352577911
339991991199919999911999315210203210129392132130499992990408111089999102017960018952936911
349999199991999199999919226210206130203041331329999991990703059059999102017985019537225911
349999199991999199999919225212206130203042364329999992990703059049999102018000017168660911
339999199991999199999919284206104240303041122119905002998005079080125109018353016439658912
329999199991999199999919221210204210103042122119905301993002079060530111018506020800355911
349999199991999199999919225201202260403041162129999992990313059059999108018585023972194911
339999199991999199999919222213207110103391112119904751993004079060475105018615021927062911
349999199991999199999919224203102250403042162130899992990413119029999107018629021199098911
319999199991999199991999321211205230203041112119903501153002079060116109018632028926080911
319999199991999919999991228203102240203042161131299992990413119039999109018653015490889911
329999199991999199999991225203202260303045151129999992990313059079999108018737016736689911
319999199991999199999919224106203240303042263129999992991711059019999108018741014890707911
339999199991999199999919226213108130203042341330899992990403119039999104018891013837781911
319999199991999199999919221210205230203041122119999981993002079069998105018900017729622911
319999199991999199999919222212207140303043132119906572168503079030164104018994015447133912
329999199991999919999991215206204299803045141130699992990408119089999103019048018834594911
311919991919991999911999111210205230203041142119902502130402119060083203019093009566780911
319919999991999199999919224209104220203044142119904862993002079070243102019157015270662911
319999199991999919999919215212206130203041112119901502120503069010050102019177028926080911
339999199991999199999919221211206130203042322329999992140709059019999101019230018513521911
319919999991991999999199314205103230203041152130399992990405119079999101019254020930921911
339999199991991999999199215110205220203041153119901952139501109070097108019322010908051911
331999999199999199999199211210205230203042132130399992130401119089999108019328009263539912
329999199991999199999919224205103270503042121130199992990411119029999118019368024517870911
329999199991999919999991223205203250303042141130299992990411119069999118019379018352791911
329999199991999919999991225205203250403042132119906002998003079020120115019447015947339911
339999199991991999999919222212207140303041112119901382120503069040034109019464020053417911
329999199991999199999919225203202250403042131129999992990313059059999115019505022792499911
339999199991991999199999311208205240303041152119999981993001079089998108019552017131941912
339999199991999199999919214205104240303042112119908502998008079070212108019579027288372911
349999199991999919999991223211203210103041132130499991990403119039999112019580020925286911
329999199991999199999919224206202230203042161131299992990402119059999111019756020147331911
339999199991999199999919224212107110103041311330899992990405119039999106019785018729478911
349999199991999199999919228210206140203041112119905752993103079030143108019786016751187911
349999199991999199999919225203202240203042152129999991990313059039999108019819017440920911
349999199991999199999919222211206140303045311329999992990703059049999108019827017009313911
319999199991999199999919225203202230203041142129999992990313059059999110019836014135378911
329999199991999199999919221212206150303041142119906201153002079060124109019875019299460911
339919999991999199999199223208205230203042162130799991990405119089999105019886018084291911
319999199991999199999919223211806130203041342130799991990402119059999109019889018183408911
349199999919999919999991115201202260419195164131299992990413119059999207019906018210402911
311999991999919999199999116211205240303041142130399992990402119069999207020006019419754911
339999199991999199999919226204204240403042162131299992990413119079999104020023015656105911
329999199991999199999919214203103250303042162131299992990413119079999107020034015706748911
339991999919991999199999111210206240303041162131199991990402119079999204020063019075970911
329999199991999199999919221207203230203041152119903502139501109080116106020077006052177911
349999199991999199999199224203102260303041132131099992990413119059999105020086017154109911
329999199991999919999991222201202250403041142119906002998013079050120105020133017404678911
329999199991919999991999322207204240203041112119905451993001079050136104020185017687467911
319999191199919999999199323210205230203041122119904691993002079060156105020190023430820911
339999199991999919999919226213208140203041241230899992140403119019999103020220015656105911
319999199919999199999919316211205240303041162130399992130402119069999103020313007149614911
349999199991999199999919221210205230203041132130399991150402119079999101020397023107157911
329999199991999199999991825202202299803045162131299992990413119059999317020579020593743911
329999199991999199999919225213208120203041122119904752178503079030237116020592019519285912
329999919991999199999919225302202230103041144130899992990413119059999116020608015706748911
349999199991999199999919225213207130203041311329999992088603059039999114020611017009313911
339999199991999199999919222211207120103041251219911002158009079060550109020656018513521911
329999199991999199999919226213208120103041142119902802168503079030140113020747019119766911
339999199991991999999919212210206230203042162119902862139501109070095107020768008516135911
349999199991999199999919225201202240203041341329999992990713059039999111020770020088274911
329999199991999199999919221211206130203041352329999991150703059059999111020859020554280911
339999199991999199999919226211107140303041311331299991150402119059999106020885019094222911
349999199991999199999919225210203240203041122119907501993103079040187108020895021857266912
339999199991999199999919222213208110103044152130499991990403119039999104021142018513521911
339999199991999199999919222213207110103041362329999991990704059059999104021192018513521911
319999199991999199999919221211206130203041112130199991990403119049999106021205023295786911
319999199991991999999919321212206130203041362330999991990403119049999106021218024234974911
329999919991999919999991212207204260403041242129999992991702059079999104021348020147331911
339999199991999199999919226313202120203041284230899992990409119039999103021352018784751911
349999199991999199999919224203102250303041152119907002998013079060140103021356016923375911
319999191199991999911999321211206130203041122130399991990403119059999104021367016352577911
359999199991999199999919325203803230219192122131299992990413119039999103021398019904690911
329999919991999199999919214205102240303042122119906002998005079070150103021425016789908911
339911999999191999191999322210205220203042112119906501993001079080325102021429019091459912
319999199991999199999919211209205230203041112119904751993002079060158103021434018724891911
339919999991999199999919226209205220103041162119905001993001079080250102021487021927062911
311999991999911999999919216210206140303041122130399992130403119069999103021495007331316911
349999199991999199991999825210205230203041132119906001153002079060200301021527017241939911
339999199991999199999919323210206130203041462129999992990305059089999101021548018256725911
339999199991999199999919225206105110103041351330899992210411119089999101021566024751137911
339999199991999199999919221210206140303041122119906002153002079060150110021771014550579911
339199999991919999919999315210206240319191162119903501993002079080087109021829021887558911
339999199991999199999919222213207130288043142130199991990403119049999106021949018513521911
349999199991999199999919225203102260403041151131299992990413119059999111021958018102243911
349999199991999919999991325203202240303042132130799992990413119059999108022043017009313911
339999199991999199999919223211107130203041361331299992990403119049999106022062017665021911
321999999919999919999991316204203250303045164130499992990413119059999107022276024001036911
339999199991999919999919824213208140303041112130899991140403119029999304022318015656105911
339999199991999199999919222313208140203044284230299992990403119019999104022372018290065911
329999199991999199999919324205103299803045132119999982998001079059998104022419023689251911
319999199991999199999919228812207120103041388839899992150403119049999105022436018470163911
339999199991999919999919222211207140303041351331299992990401119089999103022454024026104911
329999199919999199191999118211205110129392142130499991990409119069999202022593022766126911
339999199991999199999919221210206220203042132119908001993001079080400101022634017834588911
339999199991999199999919223211106140203041234229999992991703059039999101022690018638480911
319999199991999199999919214205103260403041112119905002998005079070083101022701022204986912
329999199991999919999991326205204250403042162131099992990405119089999101022702021122283911
349999199991999199999919125206203230203042832119907502140403119010250204022723014805850911
359999199991999199999991225203202240303042422419906752998013079010168103022750014778621911
359999191999999199999991215105203210103192163119999982998011079039998102022823014983631911
339999199991999199999919215209205240303041162130999992130401119059999103022913008442897911
329999199991999199999919225213208120103041122119999982168503079039998113023139019184391911
329919999199991999199999115205203270403041162130399992990402119059999213023167020858950911
329999199991999199999919225203103250403041111130899992990413119059999113023174015706748911
339999199991999199999919226213208140303041112130199992120403119039999106023179015521464911
339999191999991999991999311210206240303041142130399991990402119069999106023212019754714912
349999199991999199999991225205203260403042112130199992990403119019999110023214018184069911
349999199991999199999919222212207130288882112130199992150403119039999109023260018595652911
349999199991999199999919224203102240203881132119905852998013079070146109023279018653657911
329999199991999199199999225206203230203042112119905002998002079050166110023322019398104911
329999199991999199999919221210206120203042331129999992150703059059999110023362018874561912
349999199991999199999919224205103230203042112130999992990411119039999107023405020542591911
319999199991999199999919224203103240203041142119906502998013079030162109023454018760862912
349999199991999199999919225201202270503041141129999992990313059039999107023467017877535911
349999199991999199999991225201202270388042151130299992990413119049999107023493017145335911
339999199991999199999919224213207110103041361330899992150403119049999105023519018784751912
319999191999999919999991125202202250429395164131299992990413119059999208023524023430820911
339999199991999199999919228212207130203041162130899991150403119049999104023572018791849911
329919999991999199999919324206104250303882162131099992990401119089999106023605023927208911
339999199991999919999919226212207130203041132130899991990405119039999104023606019261660911
339999199991999199999919221213208130203041152119917002993103079040566104023629018011132911
349999199991999919999991225203203210103292111131299992990413119079999105023634017277840911
349999199991999199999919226201202250403042152119910002998013079050200104023741015374382911
329999919991999919999991212207204260403041242129999992991702059079999104023771020147331911
339999199991999199999919226313208110103041284219912002998009079031200103023772018784751911
359999199991999919999991225201202260403042111131299992990413119089999103023816019109427911
319999191199911999199999315211205240319191152130499992130402119069999103023863009177592911
339919999991999199999919224209205220103041162119905001993001079080250102023873018159139911
329999199991999199999919225207205240303041122119915002993001079080375102023891016539218912
339999199991999919999991823209205240303041122119915001993002079060375301023922018290065911
351191991999911999999919318203102250303041162130399992990413119059999101023937018460848911
319999199991999199999919214205103250403041152131299992990405119079999102023942019035300912
339999199991999199999919221210206130203041112119906001153003079060200110024159016441225911
339999199991999199999919225212207150403041132130199992120403119039999109024182020452226911
349999199991999199999919214103102260403042183130899992990413119059999113024185025810214911
339199999991919999919999315210206240303041162119903501993002079080087109024209021444530911
329999199991999199999919228203104250303041162130899992990413119079999114024277015947339911
349999199991999199999919225201202270403042121130999992990413119049999111024315017984862911
329999199991999199999919225210206120203042112130199991150403119059999112024331018840498912
339999199991999199999919225210206110103041132119906332993002079050633106024379019091459912
329999199991999199999919222210204220203041112119905002153002079060250111024383019398104911
339999199991999919999919221211206140303041361329999992150703059049999106024413015656105911
349999199991999199999919225208201240203041132129999991990311059049999108024422020225169911
339999199991999199999919224213208130203041321330399991990403119049999106024435017165212911
349999199991999919999991325203202240303042142130799992990413119059999108024437021332681911
349999199991999199999919328210203230203041122119905002178503079040166108024449018265240911
349999199991999199999919221211206140303041312329999991990703059059999107024509020909986911
339999199991999919999919222213208130203041261230299992990403119059999105024562018791849911
349999199991999199999919223201202260403041121130299992990413119059999107024564017009313911
329999199991999199999919211207203250303041112119908501993002079070170108024572016924373911
319999199991999919999919225213208140303041311329999991078603059039999108024590019113808911
339999199991999919999919226211107140203043231230899992150409119059999105024606018419828911
349999199991999199999919222212206130203041362119908251998003079040275106024622021367782911
339999199991999199999919221207204230203041122119909252993001079070308104024687015521464911
339999199991999199999919214212107130203041351330899992990403119049999104024703018784751911
339999199991999919999919211213208140303044132119922001143103079010000103024746018290065911
319999199991999199999919825211207130219191241229999992151703059049999305024800018470163911
339999199991999199999919288213208130203041112119912001143003079050400103024805018513521911
339999199991999919999919223212207130203041361330899992990401119089999103024818018995582911
321999991999919999999991314207204230203042152130499992990408119079999103024888015706748911
339999199991991999999919213210205210103041162130399992990401119089999102024889018054886911
319999199199919999191999111210205240303191122130499992130402119079999203024907010943304911
311999991999991999999199115210205240303041112119904402130402119060110204025170007149614912
339999199991999199999919221211206140303041122119908501153003079050212110025268022330081911
349999199991999199999919285210206140303041122119907001993103079040175114025276024114100911
349999919991999991999991225301201250403041154129999992990313059069999112025418024096457911
339999199991999199999919222211206230203041112119904351993002079060145106025435017857420911
339999199991999199999919228212207140303041162130799991990403119039999106025444018159139911
329999199991999199999919221310206130203042364329999992150702059019999112025446020147331911
329999199991999199999919224205103220203042152119904252998011079070212112025472023535077911
339919999991999199999919324213208130203041142119911151993103079030371106025473018084291911
349999199991999199999919222211206110103041362319907001998003079040700108025554018076756912
349999919991999199999919116211206110103041112119906251990403119030625207025624020408624911
338888888888888888888888824208205230303044152130399991990405119079999305025646018952936911
329999199991999199999919224203202240303041112119907002998013079060175107025733020682110911
339999199991999199999919221210206120103041112130899991990403119049999104025736016441225911
329999199991999199999919215204103250303045114130999992990413119079999107025741019102683911
329999199991999199999991213207103240303042342119909252158011079050231106025751017228353911
319999199991991999999919321210206120203041122119904501153002079060225106025761021908639911
339999191919991999999991311208205240303044162130599992990401119079999103025840021444530911
349999199991999199999919225203202230203045124119999982998013079059998104025869019145584911
329999199991999919999991218309107110103042134119904502993011079050450104025877017873590912
319999191999911999999991315203202299888888832131199992990413119059999105025888015490889911
339999199991999199999919226212107150403041361329999992990709059079999103025922018784751911
329999191999999199999919215205203240303045154130499992990411119079999103025973015706748912
329999199199999919999991315208205230203041152139899992990405119089999103025983015706748911
349999199991999919999919221211206120203041122119906001993003079050300102025986018538702911
339999199991999919999919222213208110103043112130899992990403119019999101026074018773843911
319999199991999199999919224204103250403042132119906002998013079070120101026138017076288911
319999199199991999199999381207205230203041112130499992130402119079999102026253009257718912
349999199991999199999919214203102240203042152131299992990413119069999114026366015796362911
349999199991999199999919225201201230203041141130899992990413119039999114026371024976930911
349999199991999199999919225206202240203041132130799992990411119039999111026495018500309911
349999199991999199999919225201202260488042151130699992990413119059999111026530024158064911
339999199991999199999919223211206230203041162130499992990402119079999106026617016553688911
329999199991999199999991225203202250203041141130699992990413119069999110026700015706748911
319999199991999199999919224205103230203041112131299992990411119059999110026708018187593911
339999199991999919999919223211206110103041112119907811993001079080781105026786017834588911
329999199991999199999919215203102240403042122119999982998013079079998108026829016273518911
339999199991999919999919222213208130303044361331299992190403119039999105026830020054065911
329999199991999199999919215210205230203192122119904501153002079060150107026863023301848911
339999199991999199999919222113208130203041263219922002998003079010000104026934019261660911
319999199991999199999919222211206130203041122119906431153002079060214105027002015980675911
339999191919991999999991116213207110119391152130499991990409111069999203027053021444530911
359999199991999199999919224203102240303041152130199992990413119059999103027073019109427911
319999199991919999199999115210206130203041122119903051990402119060101204027074018392448911
329999199991999199999991225212207130203041341319906001998002079050200102027160018101485911
329999199991999199999919221211205210129291122119902152158003079010215101027231018576076911
319919991199991999111999124210205240303041132119905501990402119070137201027289018233259911
339999199991999199999919225211205299803041152119906701993003079059998110027450018378604911
349999199991999919999991225301298299888888344830899992990413119039999114027466024976930911
341999999991999919999991315201201240203045162130399992990413119069999110027623024158064911
349999199991999199999919221110204130203042243130699992150409119089999109027664019155374911
339999199991999199999919223211107150303041381331299992990402119069999106027676024026104911
349999199991999199999919221211206120103041332129999991150703059049999108027698018775163911
339999199199991999199999316212806110129291112131299991990407111089999105027745017493800911
329999199991999199999919226211206150303041112119907501153103079030150109027754023787632911
339999199991999199999919282213207150403041152131299991990403119059999105027779018011132911
349999199991999199999919224201203270503042131130899992990413119059999107027833016469048911
319199991999991999199999111211206130219191142130199991990402119069999207027908018645975911
349999199991999919999991228207203250303045844130199992990402119059999105027943016698682912
329999199991999199999919228205803250303048162131299992990401119089999106027963019649469911
339999199991999199999919224212208130203041264230899991990403119049999104027983017165212911
319999191999991999991999321209205260403041132130699992990402119079999105028059018037697912
319999199991999199999919225210205240303041122119999981993002079069998104028128018724891911
329999199991999199999919215210205230203041142130699992990402119079999103028161022766126911
349999199991999199999919225210106130203041331329999992990703059039999103028164023326818911
329999919991999919999991216205203240203041142130399992990411119089999103028177015706748911
349999199991999199999919223204202240303045111130299992990413119039999102028219024158064911
349999199991999199999919221211204230203042122119906501993002079060216101028262020408624911
319999199991999199999919211210205240203041152119902002139502109070050102028266007108795911
339999199991999199999919222212106140303041252129999991991709059069999101028295018290065911
349999199991999199999919225205203230203042142130899992990411119039999101028312020136829911
311999999991991999999199321210206140303041152119903202139503109050080102028375007190519912
341999999919991999999991114203203280603042161130499992990413119079999214028484018653657911
329999199991999199999991224206202220203042132130399992990402119059999115028489021210027911
349999191919991999999991323203202280503041121129999992990313059069999112028535017733022911
329999199991999199999919226205103240303041162131299992990411119089999114028536018352791911
339999199991999919999919226210206140329391162130399992990402119079999107028586021444530911
329999199991999199999919281112206110103041363329999991990703059039999112028650021622028912
349999199991999919999991225205103250303882142130399992990411119079999109028688019095693912
339999199991999199999919226211107130203044344430899992990403119039999106028719018513521911
339999199991999199999919221210207130203044132130899992990402119069999106028740015656105911
349999199991999199999919223211206140203041361329999991150703059049999108028753023399528912
329999199991999199999919226206203230203042152119906002998002079060200110028773018840498911
311999999991999199999919326203201230203042164130399992990413119059999110028778016216255911
329999199991999199999919224203102260403041162131299992990413119079999110028785020147331912
349999199991999199999919211111207140303042263229999992141703059019999107028841021728133911
349999199991999199999919225210206170503041321319999981158003079049998107028852018623543911
339999199991999199999919322213206110119041112119902501993007071070250105028868018279239912
329999199991919999911999113205203250203042122119907502990402119070150207028921020462506911
339999199991999199999919222213208130203044122130899991140403119089999104029003018513521911
329999199991999919999919222211207140303042112119999982168503079029998105029047020936123911
339999199991999199999919225210205210104041112119903502993008079080350103029083015521464911
349999199991999199999919222105203260403042143119910002998003079010166104029103019155374911
319999198888899919999919221211206140303041122119905501993003079050137104029120020930921911
349991999991999919919999325304202230203041134119906502998013079030216103029127016964899911
349999199991991999999919324203202250303041131129999992990313059069999103029143017833612912
329999919991999919999991215203202240303041132129999992990313059079999103029194015706748912
329999199991999199999919214207298240303042162130499992990401119059999102029243015706748911
329999199991999919999991323205203220203041142119906502998001079070325102029273021622028911
359999199991999199999919225201201250403041151129999992990313059049999102029280018288507911
319999199991999919999991211209204230203041162130899992990402119079999102029295022884160911
311999999991991999199999325209204230219291132130399992130402119069999104029473008182934912
321111999991991999111999325207203240303041162130699992990402119059999116029589018956265911
329999919919999919999991215303202250303045164130499992990413119089999116029600021976487911
329999199991999919999991221204202230203042142129999992990313059069999115029613020535471911
339999199991999199999919225210206230203042112119902501993002079070083108029692017857420911
339999199991999919999991226206103220203041162130899992990408119079999108029698019264287911
329999199991999199999919225207203240303045161131299992990402119059999114029701019398104911
349991999199999199999991223201201240303042131129999992990313059059999112029724024720534911
329999191999999199999919224203102240303042112119906502998013079030162113029761017289767911
339999199991999199999919222210206110103041112119912001993001079051200106029769017834588911
339999199991999199999919221210205230203041322319904801998001079070160106029824018791849911
339999199991999199999919221210106140303041261230899992140402119079999106029861021444530911
329999199991999199999919224203203240303042121119908002998013079050200111029882019712257911
339999199991999199999919226213108140303041241229999991141703059039999106029885018290065911
339999199991999199999919222213207110103041112130499991990409119069999105029940019054288911
349999199991999199999919222210206130203042361329999992990703059059999107029945021728133911
329999199991999199999919228203103240303042142119907002998013079080175107030073019305459911
349999199991999199999919226201202260303042111130699992990413119039999106030086017154109911
319999199991999919999919224205104230203042162131099992990411119029999107030104017374847912
339999199991999199999919223212207130203041112119999981993002079059998104030106017851693911
349999199991999199999919228207103250203041112130199991990402119059999105030123016698682911
319999199991999199999919228203202240303041122119906602998013079060165107030127023475130911
339999199991999919999919222211207120203041112119910501993002079050525103030224018513521911
311999991999999199999919115211206240303041112119905251150403119050131204030241015980675911
319999199991999199999919216211206130203041112119903752202102079060125104030280014890707911
321911999199911999119199115207203250403041112130399992990401119059999203030298018684547911
329999199991999199999919221212206150303041112130199991150402119069999102030377017340311911
331191999199999919919999123204203220103041122119910502990413119050525201030423018513521911
359999199991999919999991215803102250403041184130899992990413119059999101030541019614651911
319999199991999199999919221210205240303041162119904002139502109060100103030622009486031912
329999199991999199999919225212207130203041112119903502202103079020116116030696017062708911
329999199991999199999919211207203230203042162119902002139502109050066116030719008702495911
329999199991999199999919228207103240303042112119905402993002079060135114030807017690433911
339999199199999199199999326210206299803041162131099992990402119079999107030845021444530911
339999199991999199999919221207104230203041331330899992990405119069999106030963018995582911
349999199991999199999919225210106140303041331330999992190403119049999108030976016751187911
329999199991999199999919226205203230203043352129999992990711059059999110030977020729291911
321919999199919999119999124201202270403041151130399992990413119079999210030993019411606911
311119991199919999191999326203202250303041142129999992990313059089999110031007022161821911
339999199991999199999919221210206130203291162130399992990402119069999105031017015656105911
319999199991999919999919221206202230288041122119999982998003079039998109031070015490889911
329999191199999919999991223209204240303045142119999981993002079079998109031075020147331912
339999199991999199999919226213206110104391112119903902993007071080390105031090019480765911
339999199991999199999991228213207110103291112130899991990407111069999105031105015521464911
349999199991999199999919225210206130203041341329999992990703059049999107031106019870824911
329999199991999919999919225209204240303042152119909001993002079050225108031123019299460911
349999199991999919999991225201202260403042142129999992990313059059999107031125022364945911
339999199991999919999919223213208140203041354419922001148003079010000105031131019261660911
329999919991999199999919225206203220219191142119905252998011079050262108031136019299460911
339999199991999199999919226112207140303045153131299991990403119049999104031143017972518911
319999199991999199999919224205103250403042131119909002998011079070180107031189018118749911
339999199991999199999919226213208110103042232229999992991703059019999104031191021211371911
339999199991999199999919212212208140303042341330899992990403119059999104031282024525099911
339999199991999199999919226213206110119391162130499991990409111079999103031337019641317911
349999199991999919999991221212206110103041362129999991990703059049999103031363018007245911
359999199991999919999919822101203250303042163129999992990313059019999303031409019791907911
339991991199919999911999315210203210129392132119902402993008071080240102031421023788221911
319999199991991999999919214203202240319191162131299992990413119059999102031501016529255911
329999199991999199999919324207104240303041122119904001993001079050100101031511023391006911
349999199991999199999919224205102230203042162119905002998005079050166101031539018063477911
339999199991999199999919221210206140303042262219909752158002079070243110031753018791849911
329999199991999199999919221210206130203041362129999991990703059049999115031781021622028911
339919999991999199999919321210206140303041132119999981993001079079998107031910019060578911
339999199991999199999919221210205210103041112119905501153002079070550106031958018159139911
339999199991999199999919222213207120103041132119903782168503079030189106031974019480765911
339999199991999199999919226213208130203041132130899991140403119029999106031984018290065911
349999199991999199999919225203202260303045121129999992990313059069999109032007019285683911
339999199991999199999919221210205120203042112119907651993001079080382105032085017851693911
329999199991999919999991225203202260403045152119999982998013079079998108032209019453531911
319999199991999199999919224106203230203042263129999992991711059019999108032214014890707911
339999199991999919999919226213207110119391182119912001143009079061200104032329019641317911
319999199991999199999919221210205230203041122119999981993002079069998105032363017755846911
329999199991999199999919215205203220203045112119904252998011079070212105032420019163377911
349999199991999199999919224205102230203042121119906502998011079040216104032431020262331912
339999199991999199999919221212207130203041361319912501998004079050416103032463018784751911
319999199991999199999919226212206120203041112119999982202102079069998103032574018338291911
349999199991999199999919221210204220203042142130399991990402119069999102032577019405102911
359999199991999199999919225203203250303042142119907002998013079020140102032580014778621911
329999198888891999999919215203204240303042142119999982998013079089998102032600022584915911
349999199991999199999919224205102260403042132131299992990411119039999101032657018022399911
359999199991999199999919225209203210103042112119904001143111079020400101032659020683457911
339999199991999199999919221210206130203041344429999991990702059079999101032696020054065911
339999199991999919999991216212206110103041262229999992991703059019999101032717019261660911
331999999199999199999199311210205230203042162130899992130401119089999108032808010908051912
329999199991999919999991228205203230203042141130299992990411119069999118032854021715638911
349999199991999199999919224209103210119041112119903002993008071050300114032935020262331911
329999199991999199999919225203202250403042131129999992990313059059999115032974016924373912
349999199991999919999991223211203210103041142130499991990403119039999112033038017391071911
339999199991999199999919215203203230203042122119913502998013079080450107033071018011132912
349999199991999199999919225203202250303041341329999992990713059039999111033079019180146911
329999199991999199999919225201202280603041111129999992990313059069999113033080015947339911
349999199991999199999919226212106120203041361329999992990703059039999110033136017168660911
329999199991999199999919224206202230203042132119904502998002079050150111033159018840498911
339999199991999199999919224212107110103041311330899992990403119069999106033208024026104911
329999199991999919999919824205103230303042162130899992990411119049999310033232019184391912
339919999991999199999919223208205230203042162130799991990405119089999105033284019068251911
319999199991999199999919223211806140303041352130799991990402119059999109033286015814564911
339999199991999199999919222208205210103041132119908001993005079070800105033290021927062911
339999199991999919999919826210106130203041364430899992990402119069999305033312017834588911
339999199991999919999919222213208120103044382329999991150703059039999105033345018256725911
329999199991999199999919214207103240303042132130899992990402119079999107033369020535471911
339999199991999199999919322210206240203041142130399991990402119079999104033404015521464911
339991999919991999199999111210206240303041162131199991990402119079999204033424019068251911
321999991999999919999991221207203240303041152119904502139501109080112106033429007013230911
339999199991999199999991221211206130203042142130399991990402119079999104033458020054065911
329999199991999199999919211207204230203042232219906002158002079070200106033478016343540912
339999199991999199999919226213208130203041341330899992990403119039999104033496017165212911
319999191199919999999199323210205230203041132119904501993002079060150105033569023430820911
319999199991999199999919222213208110103045122119904792168503079020479104033595018474461912
339999199991999919999919226213208150303041251230899992140403119019999103033602015656105911
349999199991999199999919221209204230203041112119905501993002079060183103033603021332681911
329999199991999199999919225207102220204055182119999982993001079059998103033609018428216912
349199999199999919999991324203102240303041161130599992990413119059999102033701019681905911
349999199991999199999919222210206140303042112130199992120403119039999101033713019119132911
349999199991999199999919221207203240303042122119906002993002079060150101033732019140656911
339999199991999199999919225205203230203041152130999991990401119079999101033770016414631911
329999199991999199999919224203102240303041141119909502998013079050237117033836019095963911
349999199991999919999991325203202240303042132130799992990413119059999108033843021332681911
359999199991999199999919824203102230203042161130899992990413119029999303033855018782791911
319999199991991999999991214203202240319191162131299992990413119059999102033882016529255911
349999199991999199999919224205103230203041112119903252998011079060108110033959017277840911
349999199991999199999919225207204220104055112119903202993005079060160104034000022613807911
329999199991999199991999215207203250303041162130999992130402119069999105034104007080951911
339999199991999919999919226212207140203041112119903102120503069030077109034236020195421911
339999199991911999991999313210206250403041142119906501993002079070130109034251015521464911
329999199991999199999919221210206130203041122119904351993003079050145114034281017873590911
329999199991999199999919224302201210119391164130599992990413119059999113034363017359599911
349999199991999199999919228203202250303045121129999992990313059069999109034470019795641911
339999199991999199999919221212204210119191112119902021993007071070202105034534019641317911
339999199991999199999919226213207110104391132119903752993009071070375105034591020080351911
349999199991999199999991224206204210103043112119903002998011079020300107034637019235535911
339999199991999919999919222213208130203044312330299991150403119039999105034674018011132911
319999199991999199999919224106203240303042263129999992991711059019999108034694014890707911
339999199991999199999919226212208140303043142119922001993103079010000104034740018290065911
339999199991999199999919221210206120103041322319999981998003079049998104034753017834588911
339999199991999199999919221210206110103041112130199991990402119079999104034763018513521911
349999199991999919999991225203202250203042161129999992990313059069999105034794017440920911
329999199991999199999919224203102240303041162129999992990313059079999106034820020682110911
349999199991999919999991224203102250303041122131299992990413119069999105034823018775163911
339999199991999199999919226213208150303042351330399992990403119039999104034828018256725911
339999199991999919999919221211206130203041132131299991990409119069999103034870017834588911
349999199991999199999919221203202250403042111130499992990413119059999103034953019223269911
319919999991991999999199314205103270603041152130399992990405119079999101035145024470625911
339999199991991999999199216210205220203041132130199992130401119079999108035235010376369911
329999199991999919999991225201202280603042141129999992990313059059999118035297019712257911
329999199991999199999919225212208140303041162119904502120503069030112116035333022584915911
329119991199991999919999115209204240303041152130399992130402119079999216035352008042053911
329999199991999199999919226211206130203041332329999992150702059059999114035444019519285912
349999199991999919999991283211203210103041142130499991990403119039999112035458020925286911
349999199991999199999991285201202299803045111131299992990413119059999112035484024096457911
329999199991999199999919223203102270403041112129999992990313059069999112035532018352791911
329999199991999919999991215203202250303042161130899992990413119069999112035564019599215911
339999199991999199999919222213107140303041381319920001998003079030500106035596018758157911
329999199991999199999919224206202240303042132130199992990402119059999111035599019487783911
339999199991999199999919221213107150303041112119999982993003079059998105035653017224649911
349999199991999199999991225205203260403042122119912002998011079020200107035685014805850911
319999199991999199999919223211806140303041382430799991990402119059999109035706022735678911
319999199991999199999919222211206140303041331329999992990703059049999109035726017729622911
329999199991999199999919315209205270519291152130499992990401119079999108035759021211673911
319999199991999199999919221211206130203041132119905251993002079060175108035764016976427911
349999199991999199999919221211206130203041122130399991990403119049999106035792019235535911
339999199991999919999919226213207110103041132130499991990404119069999104035801017834588911
339991999919991999199999111210206240303041162131199991990402119079999204035870019550880911
339999199991999199999919226213107110103041311329999992990703059039999104035930018729478911
319999199991999199999919221212206140303041122119912001993103079030300106035935022245922911
339999199991999199999919212207205240203045112130199991990401119079999103035966016414631911
311999999919999199999199318207803230203042142119905502993011079080183105035970017748915911
329999199991999919999919315203202230203042164131299992990413119079999105035978018339727911
349999199991999199999919214205103250403042112119910002998011079020200104035988015374382911
339999199991999919999919226213208140303044251230899992140403119019999103036032018513521911
319999199919999199999919311211205140303041162130399992130402119069999103036116009160269911
329999199991999199999919225207104230203042361330999992990401119079999102036157014651091911
339999199991999199999919215209205240303041162131299992130401119059999103036348009137047911
349999199991999919999919224203102230203042162131099992990413119039999113036500018102243911
329999199991919999999199321210206130203041132119905751153002079070191114036540019163377911
329999199991999199999919224205103230203042152131299992990411119059999114036607017289767911
339999199991999919999991812210205299803045182130199991990402119079999307036615023927795911
349999199991999199999919228203202240303041382331299992990413119039999111036640017440920911
329999199991999199999919228203203250403041111129999992990313059059999113036650015706748911
339999199991999199999919226213208130203041112119999982120503069039998106036651018279239911
339999199991999199999919222213208130203041112131299991990403119039999106036657018513521911
329999199991999199999919221211206130203041362329999991150703059059999111036726021270501911
339999199991999199999919226213207110103041311330899992990403119039999106036763018513521911
319999199991999919999919226105102230203042113131299992990411119059999110036786014890707911
329999199991999199999919221210206120203042331129999992150703059059999110036792020316055912
339999199991999199999919226212207110103041162130399991990404119069999105036818019054288911
319999191999999199999919224206102230203041142130499992990402119069999107037008019113808911
329919999991999199999919324206104250303042162131099992990401119089999106037014019102683911
339999199991999919999919226212207110103041132130899991990405119039999104037015015656105911
339999199991999199999919223213207110103041362329999991990704059059999104037037018784751911
339999199991999199999919221213208130203041142119917002993103079040566104037044018513521911
319999199991999199999919221212898130203041322319908501998003079040283106037071023295786911
319999199991999199999919226212205130203041341329999992990703059059999106037076024287820911
339999199991999919999919226213208130203042142119907001993004079070233103037082017853430911
339999199991999199888888814105203220203041163130499992990401119079999303037135017834588911
349999199991999199999919222205203260403042122119909502998011079030158104037138021043580911
329999919991999919999991212207204260403041242129999992991702059079999104037194020147331911
339999199991999199999919226313208120203041284219916002998009079030800103037201018784751911
349999199991999199999919224103102220119292163131299992140413119039999103037214022321422911
319999199991999199999919225212206140303041152119908001993002079060200103037264022424690912
339919999991999199999919824209205210103041162119905001993001079080500302037297019054288911
329999199991999919999991225205203299803045181130399992990405119089999102037313016320478911
319999199991999199999919214205103260503041152131299992990405119079999102037357019620102911
359999199991999919999991225101205250303192163129999992990313059019999101037416019109427911
311999999919999919999991115203202299829395164130399992990413119059999201037436020442355912
319999199991991999999199315210205250403041142131299992130402119079999102037495008681030912
329999199991999919999991225202202230203041152130699992990413119059999115037618015706748911
349999199991999199999919225203202280403042161131099992990413119059999111037741017678542911
339999199991999199999919222213208120203041132119911101143003079050555106037742018513521911
339999199991999199999919221212107110103041361329999991990703059059999106037761013837781911
329999199991999199999919221205102230203041142119905502998002079050183111037790017690433911
339999199991999919999919224213108140203041351330899992990403119039999106037809017165212911
339999199991999919999919226211206140303041381330899992150403119049999106037813017165212911
349999191999999919999991215203202230203041162130499992990413119059999108037832021938510911
349999199991999199999919325210203230203041122119905002178503079040166108037844017440920911
319999199991999199999919222212207140303041122119999982993003079059998110037845016237525911
349991999991999199999919222207202230203041321329999991990711059039999108037857019140656911
349999199991999199999919221210106130303042221239899992140403119019999107037901017172260911
349999199991999199999991221212206140303041361129999991150703059039999107037916019155374911
341999991999991999919999115201202260403041131131299992990413119059999207037945019767094911
329999199991999199999919224203102260303041112130199992990413119079999107038051018840498911
329999198888899199999919825205204240303041112119909502998005079070237306038091017359599911
339999199991999199999919281207205140203041141131299991990401119089999104038092014550579911
349999199991999199999919224203102240303191112130999992990413119059999105038120017440920911
339999199991999199999919225113108120103045263229999992991703059019999104038127018589596911
329999199991999199999919225105102230203391163131299992990402119079999105038151021715638911
339999199991999199999919225208204210103041114119909001993005079080900103038161018290065911
349999199991999199999919226207203220203042122119906502998003079010325104038163017824892911
339999199991999199999919221211206110103041111130999992150403119059999103038189014550579911
349999199991999199999919221210206140203041334329999992990703059059999103038220018076756911
319999199991999199999919224203103240203041162131299992990413119059999104038234014890707912
329999919999199919999991316205203240303041152119907502998011079070187103038249017062708911
321999991999919999999991314207204210104052152130499992990408119079999103038280017111357911
359999199991999199999919221210203230203042222229999992991703059039999102038312020303767911
359999199991999199999919214105103220203043163130899992990411119019999102038325020683457911
329999199919999199191999318211205110129392142130499991990409119069999102038327022766126911
319999199991999199991199221210205230203041122119904642993002079060154102038334024470625911
339999199199999919999919322207204230203042161131099991990405119079999101038374018159139911
311999991999991999999199111210205230203041122119999982130402119069998204038504007320488912
319999191999999199999919214207203210103041142119902301139501109080230101038518007499227912
329999199991999199999919224210204230203041132119906001993002079050200113038765023787632911
339999199991999199999919221210206220203041112119907951993001079060397106038807017834588911
329999199991999199999919225210204230203041152131299991150402119059999111038827018840498911
349999199991999199999919224203102230203042122131099992990413119059999108038935020909986911
349999199991999199888888223201202270403041151129999992990313059049999108038946016469048911
319999199991999199999919221211207110103041152130799991990403119039999109038977018143801911
319999199991999199999919225207203230203041162131099991990402119059999108039027014890707911
319999199991999199999919225203202240303045152130299992990413119079999107039089024054947911
329999199991999199999991215306203230203045444130199992150411119059999106039114017228353912
339999199991999199999919228213208120103041331319908002998004079060400104039130019480765911
349999199991999199999991225203202250303042142131099992990413119059999105039159017154109911
339999191919991999999991311208205240203044162130599992990401119079999103039204017210341911
329999199991999919999991218209804210103042132119904502993011079050450104039231020585421911
349999199991999199999919226210205240203041122119907001993002079050175103039272025598006912
319999199991919999999919221210205230203041152119904202139502109070140104039305007430569911
319999199991999199999919215209204230203041122119904001153002079070133104039314018724891911
329999191999999199999919215205203240303045154130499992990411119079999103039327015706748911
329999199199999919999991315208205230203041152139899992990405119089999103039340020895614911
349999199991999199999919221211206130203041322130299991150402119059999102039397018006253911
331919991199999919999991115207204230203045142130499991990402119089999202039428017962410911
319991991999991999999199322211205230203041132130499992130402119079999104039590011308638912
329999199991999919999991225201202260403041111130999992990413119049999115039728024517870911
329999199991999199999991221211206130203042342319907001158003079050233114039788017873590911
329999199991999919999991226203102240203045112131099992990413119069999114039791019102683911
329999199991999919999991225301201299888885154139899992990413119059999114039797020147331911
349999199991999199999919228206202240203041132130799992990411119039999111039836018671106911
339999199991999199999919223211206230203041112130499992990402119079999106039955020054065911
339999199991999199999919228213208150403041122130899992990403119029999106039959018011132911
329999199991999199999919223212206140303042382330299992990403119059999110039998019184391911
339999199991999919999919222213208130303041112119922001143103079010000105040006018011132911
319999199991999199999919221211206130203041142119905001153002079060166110040010018474461911
339999199991999199999919221210206130203042321330899992990403119069999105040124030730780911
349999199991999199999919225201202260303041141130899992990413119039999107040126017613307911
339999199991999919999919222213208130203044361331299992190403119039999105040153021444530911
349999199991999199999919221212106120203041312319906002998003079040300106040178019235535911
339919999991999919999991121209205210103041164131299992990401119079999204040203019480765912
319999199991999199999919224203203250303041112130199992990413119069999107040222018187593911
329999199991999199999919221211206110103041351329999991150702059069999106040267018874561911
339999199991999199999919226212207140303041261230699992990402119069999104040277018784751912
339999199991999199999919225206204230203043122119910502998005079070350103040381018513521911
359999199991999919999919221101202250303042223219909502998013079010190103040435019889404911
319999199991999199999919323310205230288041464131299991990402119069999103040463022884160911
319999199991999199999919225210205240303045112119905251153002079070131102040529017226686911
339999199119999199999919311210206240303042142131299991990402119089999101040532017851693911
319919991199991999111999124210205230203041132130499991990402119079999201040607014890707911
339999199199991999999919221211206150403041162130899992130401119079999108040664010908051911
339999199991999199999919328210204240303041152119905262139502109070131107040672010552733911
339999199991999199999919221210206150303041122119906701993003079050134110040761018791849911
349999199991999199999919224204202260403042112119911002998013079030183113040778015374382911
349999199991999199999919223213203260403042241229999992991703059039999111040910019038430911
348888888888888888888888226201201299803045134130299992990413119059999111040913018623543911
329999191999999199999919214205103250403041142119905002998005079050100111040973016298519912
329999199991999199999919224210204240203041112119906251153002079060156110041015017737897911
339999199991999199999919226212206110129291142131299992990407111079999105041074019264287911
319999199991999199999919221213104220288888851831299992080407119039999109041113016548271911
319999199991999919999919225213208130203041311329999992078603059039999108041153017729622911
339999199991999919999919226212207130203041112130899992140403119019999104041244018513521911
329999199991999919999919214203103230203041162130499992990413119079999107041251019411606911
339999199991999199999919222210206230303042152130399991990402119079999104041273019029174911
349999199991999199999919221212206110103041212219906001158003079040600104041346022059055911
359999199991999199999919224103102240203042123131299992990413119019999103041459022583869911
329999199991999199999919311210204240203041132130499992990402119059999103041462022008584911
359999199991999919999991221201203260403042132119908502998013079030141103041469020211894911
349999199991999199999919223203202240303045111130299992990413119039999102041544017137869911
339999199991999199999919225210205230203041132119910001993001079080333101041625018513521911
329999199991999199999919225210806140203045112119902502993002079070062101041634024001036911
351999999991991999999991325201201240403192161129999992990313059039999101041691019904690911
339999199991999199999919216210206240303191162130399992130402119079999108041736010901522912
321111991119911999111199315209204250403041162130499992130402119079999116041760007763237912
329999199991999199999919225211206140203041112129999991150302059069999116041848019453531911
329999199991999199999919214206202220203042132130399992990402119059999115041884015706748911
349999199991999919999991328202201260403041122119909252998013079050154113041889024720534911
349999191919991999999991323203202280503041121129999992990313059069999112041948017296708911
339999199991999199999991225210106130203041344429999991990702059079999107041992018513521911
329999199991999199999919224206102230203041112130999992990402119079999112042040019102683912
339999199991999199999919828212207120203041122119914001153102079030700306042057018513521911
349999199991999919999919225202202260403041152131299992990413119059999110042059022613807911
329999199991999199999919221211206150403041132119910962993103079030219111042100021777553912
339999199991999199999919224213108130203041361329999992990701059089999106042131016621712911
339999199991999199999919221211207150303041362119922002998002079060000106042139017941391911
339999199991999199999919226212207120203041342430199992990404119059999105042264016441225911
349999199991999199999919211111207140303042263229999992141703059019999107042266021728133911
349999199991999199999919224203102230203041162130899992990413119049999107042285018653657911
339199999999191999999199323208205220203042142130499991990405119089999105042328019571539911
349999199991999199999919224210106140303042252319907501998003079040187106042360019537225911
329999199991999199999919223210204230203041322329999992990702059029999107042362014651091911
319999199991999199999919221211206130203041362129999991990702059069999106042446015272426911
339999199991999199999919224212207130203041361330899992990403119049999104042450024026104911
349999199991999199999919225205204250403042142119908002998011079030160104042487018216050911
349999199991999199999919221211206140203041122119906001153002079060150103042529019180146911
349999199991999199999919221211206110103041312129999991150703059059999102042647018702596911
319919991919919999999919311210205230203041112130699992990402119069999103042679015270662911
349999199991999199999919225203202250303045132119999982998013079059998102042687017084215911
339999199991999199999919221210206110103042162119906002993001079060600102042699019091459912
319999199991999919999991211209204230203041162130899992990402119079999102042753023680084911
349999199991999199999919225201201250303042161130899992990413119069999101042814017137869912
321911999991991999111999325207103240303041132119999982993002079059998116043037016273518911
349999199991999199999919225201202299803048131129999992990313059039999114043061019180146911
329999199991999919999991221204202230203042152129999992990313059069999115043062021270501911
329991999199999919919999125203202299888888161129999992990413119059999213043228017289767911
339999199991991999999199322208805240303041162131299991990401119079999106043279015293179911
329999199991999199991999325209204250303041142119902651993002079050053112043283020473587911
339999199991999199999919322210205230203041112130899991990401119079999106043358016555266911
329999199991999199999919224203103260403042121130399992990413119059999111043360018352791911
339999199991999199999919226213108140303041221231299991140403119039999106043361018011132911
319999199199999199999919225210206130203041142119904252168503079040141110043380015447133911
319999199991999199999919825203202240303041122119907502998013079050187310043427017544573911
349999199991999919999991285203202280303048161131299992990413119059999105043673024158064911
319999199991999199999919225211206120203041362429999991150703059059999105043768017755846911
339999199991999919999919226205204230203042142130199992990405119079999103043771018011132911
339991999991911999999919111210206220203191152131299991990402119089999202043870018159139911
359999199991999919999991215203202230203045152119999982998013079069998101043967019980815911
349999199991999199999919225209204240303042132119999981993011079079998101043994017440920911
329999199991999919999991226206204299803045142130499992990401119089999101043998021731499911
339999199991999199999919226210206130203041112119911002993009079070366101044023018513521911
349999199991999199999919228211207110103042224229999992141703059019999101044025021816298911
319999199991919999999919221207205270603041112119999982993001079069998101044031027952834912
319999199991999199999919221210205130203041142119902502139502109060083103044158009060653912
319999199991999199999919226210205230203041142130399992130401119069999101044188009177592912
329999199991999199999919224201202210119392162131299992990413119059999115044315019102683911
329999199991999199999919325210205150403048112119905601993002079050112114044348016789908911
339999199991999199999919211209206240303041162119906502993002079060162107044399029215714911
339999199991999199999919222210205220103041112119907001993001079070350106044441018159139911
339999199991999199999919223211108140303041211229999992141703059019999106044491018784751911
339999199991999199999919221207104230203041331330899992990405119069999106044513018995582911
329999199991999199999919226205203230203043352129999992990711059059999110044528020729291911
349999199991991999999991125201202270403045151129999992990413119049999208044538018887584911
311119991199919999191999326203202250303041142129999992990313059089999110044563018187593911
329999199991999199999919221210106140203041311329999992990703059059999110044564021715638911
319999199991999199999919221211106140303041112130199991150403119039999109044597019331719911
339999199991999199999919318209206250403042132119912001993002079060240105044600018011132911
349999199991999199999919226211206130203041352329999991150703059049999106044705017168660911
329999199991999199999919225205203230203042152130399992990401119079999107044713019487783911
339999199991999199999919216213208110103042232229999992991703059019999104044744019261660911
339999199991999199999919226212107110103044381330899992150403119039999104044760013837781911
331999999991999199919999221210205240303041122119906501993001079070162103044827016555266911
349999199991999199999919224205103230203041152130899992990411119059999103044882018693204911
329999199991919999999991215203203299803045451429999992990313059089999103044922015706748911
359999199991999199999919222101203260403042163129999992990313059019999103044944019791907911
349999199991999199999919221209104230203041112119908502993003079060283102044955019235535911
339991991199919999911999315210203210129392132119902402993008071080240102044963018773843911
319199991199911999919999311210205240303041182130399991990402119069999103044988023465477911
349999191999999919999991211203202230203041162331099992990413119059999108045163021938510911
359999199991999919999991224203102240203291161131299992990413119049999101045200018288507911
